2000
-2058325100 -1296553474
1192126954 -1787883624
-1361626572 612267398
-1751415587 -1120934237
-1938794164 -981757392
1426287739 -1320986391
650320768 647841054
1790306606 1629057404
515994142 220188061
-604598655 -1719928355
1653411032 -1265543858
-1153053440 -10198221
75776605 765152734
-1926688643 207271279
-1306473503 1366302509
-1054886910 -2093850620
175640995 -1558579011
1617373312 -1056350196
-1324513597 -1024032921
1984086915 -98955516
169293079 1851233524
-1319625248 -142220875
298973029 1807318288
-2107714225 -261069153
-208718835 1321391309
1502439471 1124031039
-931251744 -533478510
175343779 319692145
1193441145 -302444186
1655674632 1289594057
-978524890 1967595649
-1883450434 1036820919
850267981 -770277498
-1824058927 -111229108
1810905875 -1297948961
107998642 -2032472897
-1191525557 -1776357503
571874194 -97497042
1645654144 201163625
379729405 1028412422
1318011788 -1523295396
925372190 -1339818000
1138230789 317364610
-1767318341 1098814262
-1013370349 2102607825
2145629245 1201276438
-933482539 743132328
1041751871 -367381659
70958459 -328308695
-536759445 507173323
-193826864 -259379981
1283527639 -1156222960
1278323563 -326682424
677485612 1511072531
545134262 110357705
-1940942826 -1791109453
-2052283191 -1235922447
1007428105 779966455
1084630547 1192159301
-792618801 766557138
183639896 1290184294
-275108423 204949814
729224151 -1481379982
-1028737829 -536883829
1935834389 -410801477
-1287840233 -1133127911
-1998651266 -1765515753
1489324709 438707742
-1430680650 -379589304
380689435 12090310
1157376780 1228720433
2108338324 237299819
771878722 1538833344
-386094913 -1153287819
-2123853115 1891019639
1756891593 -1243509663
-993020106 -1892898068
1297307289 1165734917
1576473586 41222847
-1804218943 335211412
-1614520459 992158584
-1444044150 -214208643
912613632 160915219
1912857753 -499904196
287685279 1776622888
39508382 -173452522
512209342 -542166621
326726315 -1883415649
1966715689 1494010625
1970119367 341701321
-157076194 1815029969
-2113896218 -1319109298
-724483973 -1175191655
955422299 6224458
-1637617495 1049790081
-615622604 -675889005
-1417925696 410968098
1441699598 1391928054
-1551930475 1164270243
-501266180 -52637133
283806398 -2036580409
-188572 1848506250
1149782529 -547416905
-1652564807 270469180
578536543 145925622
-951546501 790595618
373868566 975274478
1430547271 2139207424
753525094 -322637349
-1822235595 565289762
139859807 638382964
1178542653 -981853453
548073409 1716240693
-888724128 -1474584801
-296778880 -1542213931
1866012365 -1179931679
-491446857 -561571714
-616930376 433321923
1114662401 26618490
-1478700486 -1977859036
560939470 448122914
-1837795539 1976409112
23360389 -2017641524
-2107319212 465147146
-885479297 1790628861
-548918244 71868118
-1039460169 936914399
280087909 1387155539
379591769 -1575345710
-1115849685 -991568745
226427786 -1628506063
-2021911458 1288745700
408284354 695357148
-1278365277 64676356
-2086200368 1946738978
-1565633579 -1888853291
-653184372 483382677
1398635391 -1286582871
-820859990 -1777997835
1516647325 853757910
-791133773 -942459392
166075747 -1923075759
-1353929387 1786885900
867044201 1598863578
-1169756924 1177701795
-641784097 593365826
-886462012 -606450547
2140562538 229220261
-1170106287 -951188601
812137611 -440914304
1027230995 586967937
867499170 -811198226
1488965300 -781841167
559380560 1489276651
-884343274 -1683177293
367419480 -989447777
892590780 -1461907004
533668316 -957344151
-116917420 -1277758203
470957117 812599706
-633065215 221329950
-1008011101 -591449175
-1543980882 -1351198772
-1267290243 1818092810
-1638250966 125407195
301911883 -357636276
1967111133 -1674637757
2125272097 756127132
-1844212845 -1769458522
1209086301 232282632
-297978511 -2091925234
-1656321549 -2090025538
883076029 -1045364139
317718688 1671092989
-1385217616 1676716689
-1641442133 1027207666
1242632543 1419084469
-1597861358 -1323612273
1587903902 1552608704
149589193 198064723
-1378127573 -1875253041
-1728456262 1168321624
1879261045 1561586702
951184362 1752789527
1298629156 -879948961
-517024442 -730059040
-797991669 1039308355
1205292031 1924045861
-60250797 306895666
-1952500462 -1502804749
1742526043 1271305464
212925776 135674361
566143561 -1977282228
314747215 -642467712
-1828788186 -935004517
-2630148 -2068047922
-1347428427 -1284615377
150768476 -161562838
-688173616 1079646573
-1156163105 -1877437451
-1189749521 -1530341509
1812673831 819816815
773986225 -1086377800
380470377 1240339697
1140161164 -1607796676
-369985109 1765569947
55446584 1284109471
343994160 235517828
538025091 -576162096
1250698810 1576530921
1077319986 -5466725
-95553116 1010477490
1235397491 -1604956031
1747355581 1110698390
900961316 -1160594685
1539928659 630013216
1673794307 -1131852314
765605310 1603144455
-1055218111 -1541874370
1438109438 939863339
-1658007170 1659018616
-401124917 1220307544
-1986258722 -113965889
-1684214748 821580683
-2076337921 -109287131
-1843584084 -537988935
2047027505 1892950677
-1545681152 1087992671
-787713076 616174056
-2039673490 -2491355
-1943515774 -133870355
664500918 382570696
718293320 -1605538167
-628927741 -2042881535
1765142724 -2060368796
-1494213554 -1130905542
-245602686 -419581851
1559544067 1625944245
1342954004 602948006
-463068003 -895523459
1964467089 -124039807
23636908 1399392859
656275863 308141147
94796801 1376908859
-871276075 -515891826
-1059160462 1128531121
-1709354014 1511768953
448755958 574358601
-476591364 1682646423
-167229942 1543115713
745895214 -821586830
-881666251 -1996289041
-550875171 2004595055
2142468531 934524104
1671591164 -213893060
887761392 -565085721
899750600 -1500910716
-564863758 -532313634
1925641577 -1580879177
-2099948561 1346267113
165752747 57366074
-1708629206 1489091072
-1662988388 -1108106025
1284857963 -917081981
2008596783 -1674402954
-6617255 -1654876256
-1749008294 -1580382599
-993440905 -228886547
-2078463140 -1707446329
-911067494 1540346551
2011401545 1028635310
-51410564 -1057230546
1324885833 1481242874
1539758350 2046768435
-1179737659 695798150
-1337467854 -1939014369
-1766506681 912289675
1150732271 -384441094
429282088 236125681
93635004 -1127642623
235431352 -1706426718
-663301429 -212084990
-1385597891 1803980284
1335083201 -528657751
1866687341 -1506543411
-95424021 -1229765552
-2016449446 -1847386400
-2109879519 -2107566348
-1243115158 -1210207597
-1983277427 -86086893
617085481 1448552877
-1086070173 -808144259
1635290899 -1876558853
756172943 -163341401
1496661819 650901711
1508695938 -1480470812
905085496 -1407102096
-411480316 1258027531
1183565307 1393502542
-1138671699 -2049297544
-1976920877 -1211083629
1308520287 -1319919771
285996182 -2040283705
-1859671279 409175480
687863940 1824950383
-2011320972 1140715170
865830294 -519413608
1394413427 -753877428
-101622374 -581325707
964270200 -30531326
1907330904 261745550
-1085987209 -1856025133
1285770199 434360632
1769607382 -580579726
-491770395 976988394
-989026994 184464436
1369397211 1775675306
-914145202 913124992
-1112562950 -910067227
-329152410 -1547448523
-245953471 1226615207
697556784 737350514
-1878525166 20161458
301569221 -512818010
-987046341 -2098358831
636687808 -544998851
-873658805 -450342888
-182610923 -1964908008
695837218 -1917791701
1319527508 -1263116470
91948244 1980490608
1200254747 394108742
2018921079 1605220917
1315573495 1429294707
-1437754125 -2135882404
822696635 1040543806
564642946 -776290436
428917238 -1023220868
-2052034776 -517606479
-2039212349 -1838183991
-1261778439 -93501608
1452862337 -1129907369
-200747889 -1684371089
-1574313649 -17913690
-506557053 19067928
-2102230808 564934766
139328336 -1683851199
-2036640253 -1389093828
-989277457 115161683
-752732866 -457545298
1580598597 -1190020611
-833662325 880095231
-716979739 388586018
1314466337 1081197489
1197396231 -321901763
868259633 1297973765
2122746155 -1706689238
806675971 -724787499
2146583865 -1010732817
601168074 -618138068
-2079542585 77257237
1289688596 -1174953380
1151170472 240757778
721793830 1595588730
1607629596 -1337409998
2001488747 -1158336427
1334097641 -800396460
349177570 1734601472
1571972301 -1397498318
1583716448 -931445794
1151889418 2101251763
521350286 939813130
307842665 799399394
-1485148403 1914146354
-2076098387 -528841981
1268295485 -429326174
-1926787051 1565985705
-868457206 -402343752
-577693011 -1426988764
62427209 383434075
-487253389 -939005103
95763815 -1456464500
-899016444 -1687562660
793246793 718691047
-1589947989 669599435
-1641190188 1286678237
-1160465018 -1089480216
-2068932586 -1021571794
-1052645996 -1692893728
-2475304 -787048305
-1129442280 1018604920
840552289 1157832924
-25641158 579637406
1326496856 -1709610642
-628433569 127991664
-18593341 -440380982
328205186 -1343433727
-594238020 1952575027
2095339314 -1670900641
1776432985 -2041293190
115817792 -1901987237
1840760478 -666740257
-2086587246 -533544538
-1309052837 -1088143100
-1595882276 -861805702
598826068 914662326
2042355109 2109815325
1742716163 -1294104225
1432259776 1579464160
-639872508 2021982826
567318040 528406119
1379414016 -1613169201
1836436368 1584019894
47557343 -570430575
1331061125 61824903
1378060326 1268022300
-1168815251 -349971893
-881328820 37543525
-129453232 -1299289804
-1766563671 757518635
829029367 -1056095935
1839985091 -248753685
826344932 -1434547731
-1199324400 -1704694929
1858236007 2145282284
-1212031091 -562010327
803255458 1258328258
1241934589 25484429
-1194325013 -748303337
1789006718 1621191951
-256634686 2118698276
1194388167 -991458494
1298060790 1829830743
-1976353125 1012565911
2138124183 1501528627
530992527 353118599
963467929 1627007476
2021494130 -1120821507
2119796088 -151191346
-1733959179 1849876913
1465684430 35200907
867029253 424524906
1283250521 293585332
-255891435 1950265263
-1421733648 2089355553
1355934704 710399166
1261783632 1507636962
1022446013 -1163840666
1860852433 1273758893
1528720829 -171925754
1471173354 -791520122
603569647 -1475120476
-1077941985 -1750200905
-862477938 1572500901
1943970448 1031077435
650444149 140926378
2003813034 2025096199
887583478 -1116448358
-3686228 -1159718734
1232772442 -867120236
1530277029 -1979525872
-816001720 -283906888
839849490 1814728780
1564929873 1049385297
650884253 -88622971
1598098075 8913930
1834110142 -709106125
653699603 -378451725
1238818458 -1812498780
-505372315 -978959429
-1571048068 761018293
572356126 504567496
-445969366 646117155
1415911824 1566309531
-1289909341 661558273
-406915708 1158037940
-1983167332 -78134758
1903632694 -1430389247
-33871359 -1671197797
2095071181 1978328259
1319660043 514134344
-1859441561 -2009148396
-1637792100 -1131622506
1387792156 -2064961335
1130754600 -237470138
1114230769 1970699469
-424104260 1347085570
-1252274123 -1248040963
-203096617 1452429112
56343366 -948041705
2109155368 306913642
1570464170 1277335435
-504527958 -899386568
-1209518871 1765635434
1960669994 -741989686
450135896 710810724
977716769 619226392
-1542242254 1433144534
-1091096403 526052615
804589561 1974723887
-494990725 -2063016801
1213893552 -1191183330
91130017 -728536836
1038811573 2116175648
121707669 -585744867
78265773 842792726
168244790 1800027457
-2036749572 -293679119
1644851652 -1466246802
553781094 1815821017
304347769 367523869
1052999239 1546611174
-1130627885 -2144922631
1570169073 1307177477
-1677441282 97385838
1308432216 232774019
1649140579 461975560
1372438514 244473654
787978295 -135898679
1357538042 654406197
-1951106851 169339649
1867103888 -578333076
-1505837256 -1623342870
590806756 529567022
-2143169633 -1372571757
1859668995 857110920
-135473492 -1906682943
-1077844483 -319533787
-196270779 416790738
236172172 -929029973
9228889 1439647152
-1211997683 1597789811
1578673144 -907445717
1410745540 438157793
-2062251159 1804245022
80165748 1251813248
-478640559 802749829
346465295 -2101892008
-562217015 902404091
-1488062821 -1515694351
-1411247413 -2027204713
-329150440 306743266
-1409302369 761115734
-1358479411 143475046
-118866160 971104542
909155880 228500861
-134706275 1366763285
-837582136 2032551436
-1393043025 559653439
2034939901 -650144610
-788913980 -142263382
1907615710 -118274406
-280061231 607345124
1666918060 730764972
-729071360 1233799731
-303029447 -1902743772
-585969189 1870051842
-109671241 653104053
649950745 -761188643
2086677078 -1426616108
-863922649 -90782705
79588354 1059765052
1792891621 1576520028
-1984657025 1304182233
-731099095 -1588404360
-1329475026 51331714
-1456360808 164917167
1043507233 1489055010
1473421155 465748588
209376124 1068160554
165189127 1217551309
2046376277 -1143985487
-178098677 -1135713617
567879181 125015328
1021699961 1949965539
1619759682 -2128331745
-228159969 1116130723
266036276 2025068649
1039107978 -1991219494
-1931214548 540520558
-414787333 1150495666
249723289 -1866618884
-267105595 -2123517188
587222445 1447190790
1322945881 883381438
-1668389026 -2049045426
2041920199 -2127106226
-190769439 1208083467
-1636004771 630779929
-828162925 -1677984274
885007452 1541388112
-932536275 -1016087552
-230710099 -1034372593
-499654922 -1492975063
-1324044860 589226203
1536163237 -428311860
-2144602696 1957579809
1635276583 529462187
51249142 184994184
1137888433 -175831021
1473286727 1137521417
1422022293 668893413
1095198533 -1132071009
-4921641 1895904517
1501291546 -1455958873
-182305888 1062624620
2097879298 -1354913833
-1762229052 815948465
-1192312013 -1631681780
209850171 879985642
1250209204 -1078862359
-2130726372 -958603637
-39770336 1155203640
347679601 -365924932
-570329021 -981166254
275030243 692698430
-1031561920 -1861619107
1027544420 1204801606
-465819925 786666431
-2034073306 975780596
1283266133 -1463642905
-1731666052 -527000048
-431510227 -328346247
821348239 -1810823666
1814928317 -1667943540
-332334366 1915146306
-81927938 885370926
1108405258 -534595687
99560287 -632043717
-1751916285 -523129548
-527116015 1192001341
-1350421642 -1526520472
-576552031 -1069650611
-1089776932 -1406839322
-30730125 -1635465557
444753585 -1213224507
-1059221268 1441751506
951265602 -372837784
1686336115 -962376289
-1641593683 1976255592
554922913 1628601731
-29638017 -160554581
-59448979 1535905421
-2103673114 541967731
-1088470383 937655655
-1228539392 -1711204867
-1379697287 719308239
-1245556991 -713807564
-102376688 -1064739593
-1031209423 -53873664
760255107 -1348357043
-1614001646 1108254541
-694739105 -1294678944
-1219282908 170580041
1372676793 166051832
-709861245 -1964352619
-1328352072 1673924427
1504223290 1416900047
-849094550 416464472
2113741402 297492242
1299520290 376706273
1768015308 610606570
-490237878 1756116635
1774268138 1385160113
918602230 290979073
-877750056 -683455285
389098097 878381467
-1408873223 -1394145099
-343732402 1104937010
1891345618 1211274760
1623552165 669261688
1593307352 695794900
1133630923 -1756206916
-1923164214 7170756
-1164150761 19314904
1873504484 1485139936
-330691448 -347713739
1545575013 -1062339378
2067707792 -492209028
-497441039 -339890566
417965295 769467433
1481260854 317545554
1536641270 2019008337
1763678427 1928756553
1528444913 2067385993
-777132520 589963571
210174386 1055216258
1789307749 2136636516
697511815 -119980595
-1747334202 577783639
1871462391 178266546
-1379301487 -1749541636
-1834915110 -607611968
320171008 1233299792
693777853 -1059289878
-973157520 -216484667
597904778 -313191537
-358431737 1766548749
475716258 256528570
150798582 348909701
-1430380780 1445439898
2134196748 218737466
1157612764 856431446
534202863 1978096780
1017771615 -1951228491
126092070 -2079681641
617792172 -1876668027
-663289639 -1570959013
-1289551086 -1652568623
214837689 1011229912
-806943376 -1624113407
-1681964593 293990353
1932093333 -800988208
1025095012 -1545167503
-1213373909 184754993
445721411 -54318035
-730784001 1602058726
2023319384 524076005
-468023201 -1596970195
977696939 1058807864
1759519543 -1463381995
463275343 1538029586
2085337272 1985702805
1069322397 1132503793
1791923533 -241330907
364375481 -33122272
-1670197872 -1255902913
1806590448 -1055802417
-1341995655 -500022018
-639875343 -1418012937
-158337229 -1485637873
1826202002 -272247535
1314450209 591069342
447511445 -243570766
-319815908 -1041021866
1171549263 333237105
636312612 -1486599806
-1120084485 667664432
754793285 255733138
-1937623504 448527070
761197751 931334311
-378591002 165365801
-43421640 -372663856
-518948218 -566710377
1430062199 735922025
-1354928862 1353177029
-222785442 1441470709
-1395192477 1387305345
-1190144466 -489468775
1851081091 -235448188
-1180927188 -353886149
-2006390353 1666606345
1678113783 1822275591
-94893494 -1606319091
-1536746524 1395427400
-2063185102 -585541530
2036326796 1442577068
95860341 1737147996
-1302931600 -124824843
878891838 -1518363314
1047775531 1675804374
-569273738 -407944824
641684958 1743112882
2047711790 -901373594
-145364406 -569887683
-538630550 -794936332
-305599000 2058265174
-1254744876 2129916362
873874645 187715614
1728814274 543781773
-582501874 1830508644
1539526371 999012970
-1745916907 -1703757906
-611778924 -888965174
-1287272513 -1339931026
1405376337 1464361604
156115493 -287868161
1282435247 394800579
-1300918538 1487444017
-119352234 694342162
853670362 252666887
-1456497974 -1572792755
-1267314113 -1174567189
448111129 -1249690495
-1250621540 -872332902
71660975 295386071
-1985094554 -1840375989
-2060625256 2098489037
1012018662 102173243
-749135783 -491067682
1044486533 359298807
-718127658 1455628536
1132794887 -1916916820
297086520 1223089121
602028706 1160371018
1951921584 -1796875042
808223324 1230790633
-137257508 314630408
2108932409 -945515482
-1154810784 -1287883588
441955498 593958518
587673684 -324487076
258704192 -602053963
-760357448 1145068441
1791660468 1265133140
-188081103 490864434
-1345374343 -715567680
631161568 -999534190
940362247 -562634813
-1609388304 579446009
1172927270 -707459104
-1193219983 -392292553
-1846667248 -972065928
1996419035 -1747790678
867739815 1371436709
-1603045545 1257891056
1370430249 1000277714
-1066535301 186311782
2105663267 -1134051715
-769659397 549597682
1451310015 -1679708864
539251118 -1191611500
-766559137 -1007224831
418792844 -403754454
93878017 -1363843298
-1955151577 -191473594
-1280783155 -1320210542
-288987775 13813063
-1177991179 1219202862
439502307 -1203211461
-1023036136 1536354542
-846421496 303096366
-1796000307 -1209367202
1443362586 -1154851783
1561031208 1659005521
1289335865 1864116026
1136977932 1437915019
1560023519 -1245736240
1517515919 91143664
1007260390 1959959464
-1922433316 293554151
-805752285 -9326411
823824417 1313639171
-74114910 954617139
232660578 1344285258
211865137 1896536915
1574939566 -2125127958
-1862021196 1841899941
883268948 -537661539
1954047932 2005514648
-1258929831 1428996735
-831767127 -666887087
656264687 -381909425
-1836480319 1706625061
-1763655362 1709293976
-685223762 1076622527
-1525707671 -1831072831
1451942272 1744257951
-68282952 -23142877
798429524 1871669630
1807079229 -2146088779
-1579817176 1947652512
-1860913020 508929876
-1573737100 738097355
-924224078 134887054
921269526 -1555763782
-1838407246 1143850204
572219819 -1064499658
236146249 533243872
530338043 -1095893315
-1672176053 1921698002
1116166451 1701194608
914338165 1329363330
1350749033 -1217322886
20897802 -2110004633
451719719 260212111
1152078852 -2005424310
33696424 -366848190
1676646846 741147014
-1575294761 -1206076249
-1418391951 1044620976
-2012223421 -1965311489
1266358551 361913670
-984514035 -1609164436
-664514918 844957933
-1393100425 -884376221
1832895144 1545586410
-1654415159 666626878
-2072614432 -1919057858
1198971274 1711072403
-916535649 -299913114
837758494 -365323500
55695962 -158685461
1601767220 1786652725
-292953608 1191327482
-1525375821 -648671886
-518640025 1637219604
-718392663 -1309306272
-1254815972 1827100117
-401128521 -924486318
1430069753 938538536
-1811907211 1644543140
232635773 361484059
628712262 -1301225234
1032403714 -1561951378
4679657 246656534
-1922260864 648247645
-278613100 -389385060
337771066 -1478047576
-1550818251 -593722266
950587555 -1504206813
-24577928 377643552
-379726219 -1983323251
85064500 -1861420918
-1597964401 1098232097
-1547842613 666371902
1334283912 -1138499400
-1498286445 875676222
-795305159 1836301162
-1381301355 -724652438
1013119784 -736948283
-606306225 -935638185
1808177378 -1304831639
-404309902 -720342214
-1979179097 -94022616
1259961929 -901506759
1606017988 1170523225
-1695506616 -2062988182
-1189998377 1389773934
-1845776122 -1905915010
1413546175 -139806424
-1306396881 -535783459
-450014122 -156785661
-7793226 -1521974963
-2067585329 1684292097
1251638097 -969189543
-1224487341 1014407876
-206366742 -2043534947
-1682473780 1524417019
-1152795889 -1731196890
569504917 397438433
-1773394616 -489318338
2096657648 978109105
2029126942 1166805577
275599612 1007519514
-1313602854 2064707536
1562113068 1461628984
957787307 361369386
-1229084946 1599691911
1903938487 -1616604124
-1474825139 -357190721
-442702816 -1399509860
-1966170992 -1724790062
1738495015 1003815980
738929933 1057170161
-1841114451 1729002158
1094425544 1655332165
2061778664 1151417926
1544168362 -516048635
289638539 836851068
1527323304 112486555
444269820 865270480
-938837013 1003389751
2112265700 1381300141
-970917499 -660045189
-327282444 1138310772
-1895202018 -834203540
889263340 -977825857
-1432361390 -539111854
1304045895 494770734
-1452964392 1839100501
1518610197 1150965348
520881069 1353328508
-502775355 888511289
-543250567 693908904
175522679 1609763212
-1871220681 91735697
1330697361 1462405797
-27299310 1201394790
-1582479348 1274083606
-221460766 270687923
383064645 990898269
1692543797 1304386612
927328432 -914939263
-1790435605 1232618217
366601611 -1390039342
1510883509 -798481199
1544204291 1301763484
2143225795 -356573256
1955052942 -285470990
-1183173006 1877973705
1694232055 -427365430
-902945501 -2049872018
-865892690 -1463593559
-518363690 2000158344
-982594709 120657816
-1420481981 1572998102
-1925668810 -192630034
1538403463 -274534217
-2106242223 -1637459834
-1904518550 -508166097
993060475 -1440433353
-1012353373 -1680010242
1544409802 -1587707604
-1429717847 -2008419630
1485174506 -242980845
932677046 2040103127
-1190857230 -1359642332
412781069 -961198881
-566674170 -418630154
1494933054 809598047
1517302405 268357661
-1976952307 2074419179
1727784518 59626035
-1097468086 734377966
828883455 -969348963
-664101229 914573298
269543757 -634377304
2122489566 -197981643
1025352103 -1235923678
1763347352 770636086
-1900856124 -463341548
-362267216 552324882
-561643295 -1420656802
81357250 -1904016265
1286790830 375743112
-763526331 1145985003
-604404535 963652500
-1017898106 527086674
641251900 1344879060
-858797683 -1962184720
-1662483469 -1767059750
1857414277 -1602552613
1535254537 2036925268
-107888103 -386471080
-586118683 539146704
-2137731826 2015043292
1092807533 59090976
-1992747129 -1047009829
935171774 -2137441465
900594126 1553626140
214754794 -638480279
2109723220 1066580918
314558379 -322354037
2044618674 52804814
-1765651722 -2072373113
-1986151762 -328509852
1664706199 -278938489
2133675520 -1241330324
1953302555 -1804426821
526790264 -1754094172
181222611 -1651374600
1822253400 -793124912
-70940687 -149308762
-1904016833 365762828
1388681711 -480185693
-114953235 465580003
1841221070 293720458
667282676 -2146130780
2123684455 1817820270
478108249 -539773581
-2089528022 798602758
409651467 221579451
270363751 733762986
-1399804465 -1429444099
-1736000193 397446675
1159597342 748874288
-806431876 1414728530
859284282 -227696115
909231311 -310448423
1099289682 -362179772
1250309663 102096117
-2122995403 1773553013
2064630555 1292997421
1693167118 -1777108958
44608471 1790608369
-890236586 -1194918111
-1921888045 1813077440
1029064641 676024825
-1369507245 1941818433
950923176 78016785
2025858149 1802453788
699542255 1330000849
1275258352 1145586884
-2002216988 663592725
340266769 2010426153
1238362018 387448523
1308209960 -957009280
-949069746 -173601277
295754357 -447334955
-1072670904 -1745835900
633081495 1842549353
1022902521 697601517
-1560620443 -299092071
-365485185 -26644984
-779029553 -1797434729
830713092 -888278032
-1471162271 -673719142
1144844937 -1104333346
-203017816 -1713309275
710372444 57430109
784980530 -1428371501
1750940568 1795712831
525541639 226141443
-1571261120 1329266518
-1812875720 335269588
1837662877 -381522987
-1713045882 -8102420
-1496231922 -621399073
-521616078 -940734506
-1578006998 1362716640
1413774745 686291198
1651814598 -988038302
159745935 -92595247
1398865334 759572944
-1902768103 -216380226
1678943947 1966609582
1869128065 518873597
-2116433408 1410371177
483466083 707795076
-1463036765 639060230
1775238835 -1018982615
-1597833730 -1416811198
-1998417670 -1744099427
1103999753 -1161062616
-1890036740 -1798767990
-849719928 -93337021
1568834732 559026032
-1307085214 -1126981643
-1418714736 -1672057612
18183296 -773779743
436836179 -394033245
-109675275 1399569630
475025414 1764288240
1899120359 -358595582
-14121119 -1404665498
1603863233 1548114513
505443801 1057219121
-292413738 -1705096421
10651996 -298133916
1002692394 266291508
-1208775526 766284453
-1022922989 186114073
1237414810 811404772
-1807461984 875087526
1162641220 1559184874
-506381805 -2123590758
1021550764 271829847
1980501820 -77262766
-1070924767 -1937334716
-471037170 -1931921029
-1375130639 17517436
1828305263 963127474
442014494 -817623132
-311685124 1486304861
-1862506776 2073416496
-2006995872 134522525
-1404501408 -1773448097
537493597 -861196788
-2094404798 -197103089
2035249783 -950825293
963446922 1820548478
842390845 1920878608
1198095509 -445073085
-505455422 1568565459
-1514309875 1889920313
-1046237461 -529367010
-1159041751 -1828641004
-1987581807 -510815090
-797031645 -1413572943
-1994764469 -213481385
-826004968 -1323975197
-681913160 919399142
-411968928 -580609177
-2068791336 1376486546
928455712 -1693910732
-358506183 -1407926086
966244991 -695224511
1043178506 -1745428908
172518829 -557970128
-1492407112 -1769201685
-1634577852 620954531
-209750600 761272171
558738700 320677730
-90352349 1376650881
2064437625 1371779750
-807717609 -1072731286
1014997360 391133964
1798927366 -771151561
-1100255288 1488230930
-970722880 -60338211
-1206870914 -1275193096
1005257143 -915179805
-1853792222 1801457619
1916508255 -655306804
331789305 -160657936
-1967185059 -1639074992
1511694637 1161106776
-859156800 -1916213688
-1841710558 1376007347
1673863786 1711918364
1908363454 1363124491
1916089456 -803886271
1042621877 1055225915
1032281693 -1095045239
-2041012531 301111989
1550577986 -1661429155
1589303065 -848354486
993215466 688944229
458066779 -572981019
-1563598569 2058804824
1700291633 -506175367
2016408606 969765886
-1600017315 1183450555
1188663624 -204610
1232934135 -1261193621
-653273439 72397566
1644601456 -716105283
1820573392 205920693
-1496832385 1574882814
-1490876091 -613350829
790879697 -1245779242
1848734064 -1782707998
-984099365 -1867765802
-884760688 -923699606
748299829 -591244633
-906612896 281206819
1675081100 -1497609961
-1727605855 -1056102065
1336833569 1032017475
1960010865 -530886
-58026395 182177335
449656098 2061185909
619614179 1875824651
-1935059130 -1220011958
-1398991270 1471735161
-1654185833 -750083480
516634727 1913967439
1639515931 -940599975
-734778193 800516164
-1064954187 1257584768
-697602629 -1384831476
1523077229 1432022521
-842280781 893369924
1002848794 2061455163
-517868658 -1245164367
1005948496 1794155521
-1122372599 -1480523461
-1736974996 41495210
-960122832 -1106940416
-1088022237 -927129710
-1904520760 -613707628
-1789221332 1657046669
331775454 1100291611
-1535150389 -204036361
1870617149 1459338070
-2001069672 -753013839
1732167073 -881305459
-1655625618 2077430519
-760389832 432930951
1253316474 -1376156253
-1709056251 -1324168672
1186848299 -2106100780
-1411888705 -1805436247
-145446876 -866476012
1721148131 -452312910
-349881485 -1947252537
-2103454014 197544321
-203150805 -892585191
805292136 1530434473
209110921 815064849
-2119624065 1064336789
1236167947 -585335880
956993260 2119369365
-389920200 305540190
-402528596 790554306
1150523855 715140753
1871632807 -196234324
-4302413 248267137
-316062489 1143570771
-222532896 -1799189225
-1208025895 376987172
-868759412 -1569551822
-1495676794 -797879608
1551989253 -1501765180
1696139278 1822617098
-1442111834 238833468
113508912 -2097689942
1496307591 -73460283
993096242 908206494
-2104862506 908450071
723735495 -78223108
-469317683 1875144689
-1761182650 -879946005
1991794842 1272868224
171175699 -536953108
-307136100 -1625930404
-460848526 -1637895959
-295761564 1753524520
-549308777 1322703317
-357798745 -401384356
1536002161 -316344643
425910669 1820692113
350406080 1141186114
1122544728 1817459971
-1559845114 1081342638
144422457 756600795
1237162397 -448263604
-1277617085 -1517425582
1887111851 1075524580
-217215737 1781783402
-1778713135 1527545194
1114741273 -1533874119
-1262784944 -783371144
-2135817880 1121999794
945794143 412096885
-104962559 -298907136
-803317211 1795003858
-40892355 -1732643497
-333697897 -1183408188
118230456 -271292022
-318456245 -1919378561
1143993457 524789985
-844503625 829954186
556735544 1862564623
1887471178 -1678434706
-393767780 1571305356
-318072364 408867728
-661912882 1443403033
-461915295 -1375061339
302033985 15116086
989322374 -1220899741
-853005245 -753386598
-388859883 1671790419
-162093127 1551889523
878058450 1656710779
1862051913 -2120976009
1769669075 579988735
1019551020 168037024
-771532237 -1112672721
-115735622 161276472
276254440 511242037
1500174665 -994051586
1098375720 -1298158046
-1589180435 1997054487
-669924660 1493744124
-2099546591 -1516247053
-1347508017 637858976
660781628 1907591202
-1962470089 -1879855136
-1165427496 1458406612
-870599739 -1452407464
-1799656175 -769280052
806877010 482848268
1957833336 695619105
-64458349 -1646566846
-1305228618 -1140132585
-1131288616 -1373697207
346650365 -723727233
939673248 1394346701
-356701723 -751857181
1580817528 1211253713
-718144033 -1544644780
1885504100 -1283092927
1416042157 1313544850
1100695724 -1813157852
-1943710880 -1596814292
-382126556 2144052644
1908045030 36432463
-1169684097 -889204622
1175417875 -1433514973
-1858836383 -1570844866
1048778646 1499828573
-1838163116 1975121151
-1585266879 -1008014622
1834793742 -2008866387
1573512123 34407278
603092658 1388148443
-1651001011 905226519
126110385 -336025643
-1683381695 -663146065
1250793720 -536069821
1838214135 1026443846
399888682 -1999253664
-1012095165 1815863152
-932852715 -883958667
682394333 -435607109
2068124121 189520477
818658568 320993755
-2013246553 815684005
-505253974 1872136243
1040164879 -1742877479
-318783382 2050870030
-1077790919 1931475378
-1942140020 1373359673
-107521783 2059348968
416823958 1585786293
-1275677991 823746196
-265695630 -1041187051
217512662 -643104500
-1375785673 -21158704
-418640796 733450093
1688050417 1529060890
66557818 -657305359
1736221949 1548135968
-1351796174 -1240802812
2095715327 -1975269707
1719504823 -48204276
1551841921 -493345932
-377196097 2099758191
197614349 484629864
-1265502137 -2055983699
-145741886 1612649453
842921416 -904384564
-347790961 175266591
1870561551 561386668
950414559 -75857190
1355435217 2037246779
1412652139 2033809137
1319534745 809514859
-1201735672 -1689807305
-2017328777 288447268
1049969407 1013153349
-1217894538 255649474
1900263462 1212584056
1229311488 25732947
-137714638 339449102
873777753 -1093591605
295537127 -1559654734
-1138411435 -1133453458
974809114 -166021189
-627452994 -514123618
404368314 -181366442
2000886691 -1848743307
-511141057 -858011415
575942257 -269793996
-189231038 796163615
1453481007 -1216756158
218984003 -672067062
1227037670 -2110235778
-1735750338 1980725953
132289524 1002222631
209977539 -437566671
-829347296 -1114407752
-558750101 -781337077
-376340892 1654188631
-380473905 -1037676100
397044057 -1265883506
-416339139 1644369783
1035219695 -1836808343
1199018645 -371450140
764362039 -1837072365
1983063095 1120062041
815124010 -711904719
1913412301 -1648565021
-382081199 -1983126505
131978085 1568628880
553086381 1244951867
1364031586 1979719098
1548917275 -993378244
-1557106808 -1732067320
1030339499 1968917939
1416957071 -1963964938
-366988873 778793725
1666644798 1211749226
147923840 1603083505
271157257 -1314381488
-865807329 -1168949319
985191497 -504766128
-1564315440 -1867133078
-540930788 1345999782
143065594 -863974816
-455184958 -1341767997
-1553080812 1700797982
-306367347 2143480819
796005429 -1192371259
2088950694 -72112340
-96083421 -1806961494
-1443195606 -25065746
984309091 -1426330606
-573018528 787282710
995728921 -900187770
1421426290 327339278
585704351 -734444553
-1099684596 2082862519
2117969061 979765086
-402504222 1076097558
-1237326207 322055382
205020010 38567376
-2016218806 -655049205
-843869446 -2048951098
1823455806 -16134599
-885640365 791021222
-1474100384 -326576804
-1259162815 -792260697
-515517993 -1860016138
1078079191 258790733
2013351784 1055543526
-933595461 1341725896
1014999005 386542740
346192793 -164827150
-1163719326 538055181
651993497 -1620757445
-562005320 1293292288
1381799967 -117002436
-264744924 1800319385
-2078833376 466767485
1513141083 -890790036
1125280733 1640193625
-532198932 1445701163
-416751105 2106709947
-1998911299 1028617982
1961886272 -613375805
-419719846 1800800760
1347080055 1727157965
1596797617 -1251307534
729451197 1415031781
35075570 -618696089
-130622076 1148102194
-2023893181 -1219475866
-1355959874 181122886
664562059 657668335
1145912700 879593537
-875151799 -1429080352
249766559 -825778267
1721693848 1591463098
830561389 -1800686458
-81912784 -677409992
-246286988 -1928386686
786406680 -371518668
-483719240 -991230501
1186469447 -1052582844
-1234692900 1483781370
-1698527196 984563297
74191977 -1293512656
-1909264482 1789021657
958930285 1596870765
-554670187 1976248098
-684457592 -550542160
1052612229 1477295652
1139140468 859847093
480926346 -109686281
-1986052668 1526303396
632812486 -882403026
155917307 42738073
1328757551 979082982
604930697 -621433603
-640191312 1657491212
-686280186 1945960509
-1662858311 1904906299
-1829503146 1045364086
-2037936636 2104259866
-674917560 -1265045363
-1384815408 -457686748
1588697114 356793009
121882898 581475633
-1147011274 -1761850405
1006789338 1227645944
-377686475 1756575874
1293283341 -1265675354
-1571448069 -1070011830
1934720864 -1263418200
1844857473 -905958555
1151585004 619010072
418827222 81775451
-1064778147 -233569910
1063202853 260661930
-17796425 -658877880
-419982622 -576272527
1300634469 -1989327405
-1575946889 1085533791
1671097164 1633196737
-1961606652 -1132801581
695531004 -992285476
-97606781 -1664875820
-1583374760 -295465633
1969120160 352710923
-528294050 1393639032
-1604499242 -1611095130
-1256764453 -964681624
1034392542 1565569222
652247833 299336742
-1249548914 1455235420
-485831107 -857211451
627425061 865943265
2131992167 -72524132
-1261287770 -528978228
-935894521 -480478189
2093085033 -49876542
-1036023816 1420288742
-68580332 670196444
-314836556 1129760566
-1735935113 1500505491
1046204617 -1541684893
-1043483024 106307577
863930378 -1276103197
-571034364 174830599
-478720305 1976307081
787180699 -1420000637
-190092279 -1233255626
2083283416 1164257722
404374026 111239924
497755867 1750750994
1026756674 -1997292525
1320971902 -1314121137
214211026 -1319665494
-1931259528 368104523
1434690516 883350164
-1964117569 434731150
1581811836 2060868585
-1521181007 -117529164
-1609329623 804210823
75304163 -654803969
1813489889 2077521570
-537483437 1275122225
3477139 1039035121
1617870438 -1000343256
-1966423080 -1996304149
-58873943 -1536355326
-216568309 -1100128378
518169711 197617135
166556214 1300968334
-834915059 327185854
428940677 804937442
498678225 157817172
-1650522911 -42811150
988356813 370362642
2098765815 -750694576
789590574 -559519978
1522367578 -1082013144
-926925300 -1762266664
-956693987 -1341278725
-654549607 -578946270
-1427148223 640825606
1564812622 -94553167
-1823839711 146673853
149687581 755762910
390043442 119593338
1602476384 882827511
2026896502 1905124876
810939729 2046010745
-887918883 -1054550936
1791882085 -1914926452
90741946 -230507666
1433992537 796616700
-1459594125 -1485831245
-1191971091 -1756643760
-491453947 1852591249
-1909820878 -1180901627
-455044504 1936008273
-358847502 1643038432
-336540873 28518822
361874529 -1363351706
-2073557392 -105958467
504396090 1452918535
1732700885 1768911043
361106220 1055739124
-945963440 383674828
-483401958 935264947
650100481 -1013277806
-145794254 1927999895
1546891884 -313960501
-169600500 1519641301
-834849806 289731677
1102432675 -2002682797
-157705493 1829755691
2137279390 1968527242
128633795 -1408631559
1567456768 74296641
-1564383087 -1748226876
-1106533878 -235753869
36632323 392649961
-937058709 1034412643
287424736 -1140924338
541226018 -1576802977
1674190773 1594436379
1471041156 -151727479
-2102726879 50200774
-198919710 -1456355813
185131268 138056963
1174748789 1443258668
1617968856 447377305
1909027596 -2141381642
-1007135926 544323014
1936527657 1366334401
-529378004 -2081438183
1688807282 -1790354471
-225590260 1385635288
-1693170055 -583838612
355865339 1342817710
-1228272686 993511757
427862109 -25569543
1516034434 -2072532468
-1367449673 -1611233174
-655897080 2057929900
1158125813 -114751494
-776708126 -1354596466
1576121102 217632536
827036452 -1678319787
1053506122 716242273
1580611211 -118699179
-982904560 1453329108
-155613852 -1673727614
1667236104 -1291607500
-2004419914 -475847553
-1457013018 -878477760
-1189024442 1409452412
-1478861347 724816074
-140517875 2087393061
420881074 61946063
2052589684 -1698762983
1469760681 -1112271341
484370043 718868526
-1896163648 -2116604781
1368132115 -1341566062
-335126831 1994991616
-1638092738 -1374239665
-982788030 1871785552
1986088506 149343624
2121934026 -1869648227
-1640521065 -2093711003
304837440 -1491883127
-1591936826 1561336598
-1513235287 -1445642661
299752160 -857557791
54201781 34998220
-749248578 -1185730337
443349683 -711320447
1215345744 697335298
-1065726834 1846472688
-1532967538 -1070412199
1124576157 650542423
-1962383452 -259271149
1764912237 264090063
-534841993 544777252
-1978577252 902416480
73380572 1774419171
-535960619 859455963
1430394785 1446333700
642249587 1971936947
512573374 -1492773098
-1015324433 1317299536
1806846076 1917336110
1825079412 -956476900
2021573870 -932455881
1680172297 1412607466
-1833991730 777303521
195958694 -1320253115
1756044316 1347453875
1941742405 -260099121
2100350885 -306909920
-713483080 720217899
-1874075107 1126621370
539234655 -2073692205
-2020998882 458365022
1676460205 -14706402
-613576562 -2018420961
539251843 -1545414598
-1147444209 426722909
-228463771 1523304037
517274903 1111494080
1813576053 -1717142634
-1678704658 274267967
1273624156 -966539077
-416040848 -1095453397
2129484908 367083849
166601707 787050472
-1874689161 -663141518
1449585501 914643864
1225772662 -696088620
-162931543 -1366582342
-210042458 -1209661263
-613709826 466865617
-1784197881 1645925602
-1272696900 1642910950
640774549 686399778
864339404 -2126550615
-1968077658 -1579415956
-1721265044 -2080350086
-1074299729 1095795491
-1122470193 254503386
43046890 -86240673
-678661361 -1386774312
-1350021192 1730477025
930580899 1547217707
648250774 598007788
-673641938 -204531141
-2123918381 1486407962
-1671663260 476641206
1734189939 510138347
1985561999 -182320979
-1188885768 610676550
1155723660 157045200
2060979788 -1015276664
-1635148508 -423347201
1224270451 1050552887
660578967 -1659667697
1918544094 -2062430177
-161000783 1030129230
-1401695050 -58827075
2093461235 -375533418
2019109178 -1822822259
1792829185 1838211497
1489748783 -756612487
954677217 184450498
1625057601 1372812505
-116709416 -1227614174
846537012 1163619397
-472796493 -1537550341
1222948010 -1255513750
699754868 1074428024
1600734845 -147440600
-1864987247 -1620425054
-1524869025 1016669487
349319067 1818122848
179648955 -894596231
-2067162161 92467047
125208389 -4948921
593931863 -1866106727
1299462684 -1330026975
1826643420 444618398
771975292 -793093822
2009976503 -160906711
-1174953038 1952848684
512502939 1737801329
1342342688 -496494810
1763425037 541548404
898075776 -2036006874
-1032708893 806971746
-786934367 -47566879
1500032347 -1547662415
-793556352 -24469725
285287277 -441651418
-695629782 1172405152
1022889137 652940922
-1553070596 -1542876211
-1347778735 -1460788616
-1471793899 -1356361116
-22574945 1553904001
-1199032360 648391755
-1330903141 1619666686
-985338332 -652817782
1963362202 674654071
-1567319544 -1801798457
-301916938 -1739856706
1660633067 1914446884
-1530515302 64035055
-601939788 -367679789
509498271 1198494083
-1139086596 1861420501
-620949663 -1726390031
-1163893218 1786291270
152196313 -617162586
1653331003 -732054838
-202812347 -1386090817
-105342650 1067302946
-1104863010 1518720022
-1128311492 -38385388
1318185085 1906567744
-1552243346 -672607230
-1917821724 -127538316
-1074204551 -449078467
422109335 1284351547
-955382944 2069268955
4405884 224305698
-1959416682 -144577286
936181891 -82883495
-2101406006 -1391286510
936644487 1260658229
1237584394 -725140465
-1380493104 103544966
1537737033 -1835100340
1749928090 1118822017
-537844701 -1375150291
-1789723042 2014094034
340427037 -395815566
-2019823401 -85223636
-678478366 1163950723
2087161803 645234624
1647095862 727769037
884498314 1456184024
2144777471 81359393
-2011210975 560407528
-1238797231 -47778045
1751640781 580867816
-1743006738 -1977336757
-779017138 -158952903
974585340 1667513167
-780337716 -2131605885
-1161562052 683289579
-1335767804 -1640136253
1485413804 1104457440
-723177500 -37882000
-413831211 -1228388149
512647249 1219777600
-1825428539 1438160472
1867670825 112455511
326249743 -323680662
1081309926 -2013788820
-125986296 905040992
-2002033388 1004498878
-1349369100 1076413187
2558326 1154933283
-513026850 -2095617423
-721756259 -1843856563
1689003376 2140198585
304230899 1057151539
-1129672298 741302598
-1524499850 -738542341
2123581467 -135897668
-1062497680 -282015840
-1613905297 1555740106
273259521 2026216355
234190761 -339720549
990606815 -532636541
-165368334 -1787047085
-14774671 -1668573035
-917207818 299863068
1852822072 1937985381
252043018 797155057
-730232893 -130673829
-32753874 -800362799
-1334503900 -1025283415
870381433 -949832214
954105671 2104872489
1798311362 1789472820
-503758144 1240648609
663381260 1492897483
-56929794 1620039069
-783079916 -1484855566
1875249240 338570475
379302436 -1654224316
1697551238 1998399430
-1318678979 -476333402
1388109611 -937464382
42233588 -496307040
902756150 -450095083
1023059025 -1216564249
-430081156 1386049458
664753127 418140269
526931395 -1906019465
2055624021 1692886211
-1596694043 -1623242520
1498701239 -843724325
-162502620 -538339625
217455644 551746574
1624957806 -947578116
-465500513 -710776155
-1635470125 94013005
-822726736 -1548283339
1013338057 -522748314
804199887 1109614860
-429196414 -1771932871
-56913094 -1500391506
-1180364560 -275994226
537757154 1534456335
-1078544238 647261991
-1744051371 475052455
936845821 -1205822623
-850209959 787926481
-1392732935 -1633407916
381181043 -1689210269
427909191 -1260976606
573763068 -1980560677
-1808593280 -47317064
351393990 1840024780
-1316569599 -665175920
-1944178085 -955316577
1619454255 -649289771
851967650 -780819634
2011938823 -1942456370
-1529521318 630746432
-1272293378 -486857998
-18188203 1093212811
546898088 -1253942429
1567184685 -209963918
-277822836 -1921616583
1217738788 -1170078381
1697489253 -601280061
-1479335555 -1723393907
958005673 1387995998
-407363669 -24964450
-2033643986 -1611223450
2076038783 1543607862
15482931 -1752254337
1679721384 916809629
154651254 1681830094
-44337863 1205248177
2049507960 -1797981710
-135615724 -1329849409
-217085330 1391410682
-300687133 -1855286670
-2093998119 276112411
-1049308308 1404439071
-94719005 798406823
-526605098 -1662821284
-543442532 1554563181
839103512 -2064736756
2011432326 -410402616
1957673268 296144951
