825
1949 20
24096 18968 71256 82966 98832 52845 2883 63589 5658 7767 96757 99572 99686 77607 75188 21318 29512 46254 41367 1416 
4871 20
920 12492 79041 29616 52743 42134 10014 2030 11543 55914 58146 68337 17652 50357 83073 18945 98377 17164 66996 72701 
4705 17
37941 9691 19051 51664 92431 71928 26982 33664 24661 95102 66365 29112 15961 28939 58350 46654 27498 
8696 20
35619 45104 44776 86267 17085 89554 3876 87902 38304 24855 77630 82092 78115 2284 82577 94634 66416 42488 5076 65791 
6550 19
94970 97138 10051 35700 31067 49892 65313 11530 97857 7958 93066 63103 12759 33058 80912 57286 85050 57527 16395 
8384 20
29310 76168 27699 71023 79781 90223 84313 24067 67329 15212 84933 67804 45614 54344 4986 37923 69826 34713 81966 89482 
2610 20
1382 65479 61304 49113 77032 39325 48043 89240 66708 4174 7820 74761 25060 53356 30494 52297 11071 10458 48745 71113 
5523 19
74547 82572 20012 37009 89131 33580 80571 36834 40020 44354 48363 65454 67081 31078 64293 17531 95018 31675 18711 
5724 19
83428 63547 24578 72830 21401 8025 43701 12844 3319 16663 13122 89956 53478 4331 91251 9003 93722 19536 64761 
3428 20
612 47401 28439 69864 36727 51354 44929 88298 49856 97430 49358 71379 56796 53296 25787 94797 87468 63123 39161 61709 
8738 17
34438 20614 68221 1081 46844 42857 89237 2052 92795 33701 88550 485 69069 47390 10840 36519 41936 
8530 20
11503 81373 87719 5892 26138 53582 59089 88957 32631 2304 20859 16064 42760 19448 98024 99723 22968 96213 27044 82458 
6897 19
56907 95402 83304 28038 71074 14860 10856 3932 87937 54263 6564 43423 14925 48793 75602 16476 73295 54084 37550 
8691 20
48126 46058 1012 33992 55052 80049 35565 87419 18437 15480 78477 20152 50247 78715 55714 29434 85175 15371 11153 59290 
7281 18
4425 53518 35664 83800 8971 20628 33026 12771 39968 64213 88047 87511 27077 15340 74003 3009 92440 26693 
4758 19
41803 61417 26076 4552 94218 63986 71749 2686 74497 91216 47525 54287 2051 92408 33654 24709 23928 99010 84347 
1045 20
17105 25087 20595 95978 77344 63622 90560 21886 41485 54028 20566 44114 43439 87873 56316 91949 29992 39892 38313 49560 
627 20
74570 6016 49106 41993 94802 39432 20137 76493 13907 46427 61874 92874 60226 60962 18989 17668 47618 75802 52170 38799 
8791 19
77912 7524 86695 7772 91907 68515 10195 70762 32205 58323 55805 40812 99958 73654 5851 95022 67079 27407 89708 
8728 19
71936 35203 33260 69082 65433 50050 87702 32405 56671 10134 74374 73194 74978 35881 72584 47730 18116 81479 15654 
7491 18
32661 60681 24104 14389 29611 21049 39743 67568 89044 70505 75423 25513 39338 6316 43424 48935 8221 69142 
177 18
56212 95196 74013 35086 79625 32108 58466 68856 24856 38787 859 58838 63728 41033 86060 56541 45612 722 
6644 20
89990 62465 5281 47332 52990 87633 79918 60249 35676 34217 91504 2164 10816 32722 59710 43182 39066 67532 73905 34688 
5771 19
86501 33122 1209 28069 24242 99914 72219 64988 59863 66534 3612 93974 75809 79899 54432 93188 49265 33987 61655 
8887 18
19827 12560 89506 96383 42539 41297 74971 45450 67211 80223 73556 63045 69321 19482 26988 50060 87881 6956 
5348 19
2519 22038 30289 37958 21795 43951 27669 16521 30371 60666 44592 63951 6144 42335 75228 92159 70428 9820 44219 
349 20
83215 64201 17897 92378 45706 49971 10212 55168 56492 71808 20469 87536 18167 97265 39545 93253 59352 73350 99807 34171 
6871 20
40071 599 47629 87851 67662 31515 12282 59306 42836 75548 36149 80127 74615 74736 16615 59246 66013 21581 39044 13601 
8181 19
82963 39996 15098 76450 45999 80560 83126 49564 56979 34337 7259 52171 23141 74272 59532 29408 37489 56597 40430 
4074 20
2184 22232 75565 60749 95481 92803 66165 33235 7282 15039 47160 87003 95431 39999 40629 87243 71391 99133 31062 87114 
7984 19
44930 27980 6981 57104 7690 38861 57279 91557 40900 55615 78896 88120 97991 96995 83098 98660 59248 60574 56008 
416 17
27052 96196 71411 80870 58698 61397 57140 78548 10280 82929 19674 84065 97542 348 1508 34561 85782 
9855 20
60258 74200 83257 45533 55738 34698 84226 89198 14014 94033 64392 21342 79077 31629 2999 56073 18568 51479 24583 69233 
661 20
48941 87312 32402 83190 46618 77606 50977 25973 15297 26557 49350 31489 55860 41272 44823 15973 86001 9112 5110 66405 
7358 19
8226 41726 81897 46729 65508 65619 36550 63957 45114 59605 34271 81543 47834 46203 30585 67570 34122 51487 88944 
4138 19
7028 92204 45568 17444 74424 68663 55497 97831 57207 16048 41421 45495 34073 96595 37046 67693 59332 57000 6958 
1349 19
28366 22375 94002 45850 11511 19353 74174 82237 75381 17539 56202 42110 32056 50069 8164 86640 63894 44508 75694 
7709 18
99195 24499 69407 9816 71892 58854 6194 78733 23021 56021 67654 91415 53259 88615 70512 80735 37972 17174 
8005 19
66483 43568 69565 63014 54867 7518 80374 38757 58998 22715 2171 98798 11769 59779 50403 63729 75201 44049 71358 
1737 18
11483 75184 75599 7055 24216 38352 41108 1912 35667 75169 18610 63090 10209 39513 96574 74518 28258 7610 
5263 17
73291 34601 15260 64389 38744 35600 83457 36344 21385 805 41725 37405 63602 32725 78398 27573 90365 
4592 16
22756 11984 50130 2737 67041 94241 7033 56565 66520 32609 62166 73461 71248 22769 99838 128 
7511 14
16503 31358 7833 33910 61640 75046 76480 59683 60278 56141 8434 86698 71537 77109 
6338 18
99700 12190 60792 87196 95615 14542 90076 24605 84191 50679 68607 73241 28228 45550 97460 85867 3993 87956 
1283 18
78912 89194 18163 45905 65797 29280 99157 21454 30634 38825 18667 43971 61184 34956 96458 87663 50561 9751 
6636 15
42641 997 71874 5454 54092 97223 34089 1816 60066 95361 75695 47875 47982 88953 32592 
6979 19
89839 41474 32591 40294 57859 71799 71246 93347 41412 21211 30325 25493 15498 8991 43631 3425 18600 22906 76206 
2737 19
1780 35484 13839 78710 64827 77444 89450 43703 40330 3905 46156 80130 33748 31512 9560 3325 25708 87118 78758 
1348 17
19371 53262 13098 39422 90465 58518 6111 27379 41574 65834 10838 56091 90943 73329 9142 55706 81953 
2394 19
47576 34607 94214 40639 96142 36757 83514 1998 63799 25967 43263 95029 73569 6758 20575 12871 36193 9796 29201 
7075 18
26973 99835 92121 86304 80133 37195 2387 66289 27107 91201 71055 29624 88983 17920 52111 92755 69741 753 
5853 17
45690 74745 69503 15189 86337 95766 35992 74376 46472 40237 98161 7334 52055 26098 78738 71022 51319 
220 19
80199 58268 37332 69313 53737 15813 42679 16920 19587 51537 813 17440 92984 90127 48577 79410 27476 33342 18369 
6213 18
63457 77424 10865 13393 29136 94635 72552 46054 82724 63817 51875 9811 64840 29045 95472 58212 40932 82901 
9027 15
30917 80014 57018 65839 672 33279 66363 7339 7881 32154 87363 96865 58873 65327 16771 
1356 19
83283 52190 15920 73445 49706 77787 89796 40507 61543 74453 1718 98328 70779 66975 63860 57786 7850 74656 13975 
6253 19
51545 43682 10342 66108 98355 77863 34810 71436 81202 51490 43797 83025 25956 9713 56995 98882 51496 1822 96307 
5851 20
8445 79965 3982 23556 21720 87530 56563 30381 12513 17291 95728 45502 85653 3163 21555 35601 99002 21719 50129 16980 
1201 20
78818 16196 58677 48464 28933 91106 33588 99331 63192 4850 34078 8851 93111 8585 6471 84256 26759 66837 33482 99899 
7308 16
10896 21713 75913 48460 67249 11678 56598 78871 24598 24479 38808 97823 29482 31752 54440 40867 
751 18
51453 15151 91075 275 29854 5449 33695 18471 15535 59538 92605 74094 70627 59492 94239 41058 65399 15713 
7201 19
75421 1870 46664 33173 97303 98275 95419 7886 71207 2668 71365 81726 17893 5891 54759 23777 22662 76802 38846 
4277 17
1840 87780 43436 34590 5683 50526 21120 59812 76239 41002 93834 43504 46843 76576 99806 88908 15890 
2044 20
29958 39554 69029 71861 27066 89068 25945 63471 64546 92294 79761 7230 69976 59429 90947 34336 2766 73699 63723 84863 
8124 19
24203 92010 17381 60124 91445 43674 16017 73964 63901 96909 47515 64953 77569 20796 74777 9262 42355 69653 93906 
5311 19
88308 47594 27 73422 85283 52285 82953 37385 75001 71301 41168 81510 56186 66267 5980 26765 40337 31674 76763 
7104 18
6640 86511 88759 92978 52594 14464 11303 87687 54403 2984 50761 80549 31313 13281 61556 72320 71194 26014 
2541 18
23352 96147 57554 79040 25662 73929 12444 32094 41831 12038 54239 98796 43459 29965 19302 59039 14967 5197 
7731 18
74564 70586 71930 54980 31608 22107 6507 32855 36559 30295 4279 72130 52336 19993 53230 3217 89097 63158 
7841 19
53855 51679 13603 47100 18316 24318 59880 91832 29602 29245 38953 73346 48987 34294 17413 32406 72893 40280 92195 
4717 18
56201 65413 2654 29078 36568 51880 86264 67252 68665 43891 61195 61563 81351 28190 26828 49956 12998 79767 
3854 18
2245 69562 55034 6534 36681 23466 80787 84046 23882 76913 94929 20817 92790 32246 28893 28622 27739 34562 
5857 16
6504 40680 22716 72811 85184 94779 99699 7444 67607 86694 44471 65193 25390 58643 76320 32808 
5360 19
33065 91915 18325 82605 56937 43051 56856 54788 69020 20246 20416 31018 55642 66546 76585 22487 1845 73095 59857 
7839 19
53652 80364 56161 24635 33866 99122 60653 74508 26812 94038 16484 25222 33645 66130 4628 13704 25682 99997 67734 
5687 17
57895 80350 56915 24711 77519 93903 11163 16767 99532 26971 12006 1309 71188 20019 40386 82885 64527 
7078 18
6535 33797 18627 83541 64421 29359 2187 26141 51012 73397 74044 43578 94088 37913 13571 61642 64525 65959 
3277 18
23432 19826 67204 68496 60395 39549 39314 30216 39191 18635 96648 94314 4816 32672 13431 18984 15674 29145 
9985 19
5474 86708 18118 352 81477 35989 4521 95315 81469 46976 43277 39791 57997 13262 94829 27065 44342 31641 71651 
6976 20
81336 89056 92586 97336 11231 2163 56081 92699 97119 69510 89120 74902 32712 66507 34239 26150 60936 80822 64849 33516 
5555 16
43114 41617 26780 15588 5128 48511 40617 72557 77368 44824 52666 43089 53231 21604 3773 88406 
5345 19
860 89116 97852 15602 94530 98257 32964 24450 62392 72349 11138 17624 31374 36536 95436 90912 13629 30131 56301 
9053 17
40703 71014 5886 1638 87880 16455 62941 99762 85879 60614 5280 47051 76721 89802 21702 55265 22199 
7582 19
37525 88057 33158 82778 1809 91952 74381 20934 48702 16226 47879 84906 57028 62470 21340 29878 47593 69696 77684 
820 19
17999 52153 81969 83119 30251 60338 20672 8452 54419 97361 27479 88971 82097 26664 9376 44633 86250 44370 66360 
1432 15
44014 43667 71266 696 74840 39239 92158 63003 84417 35888 4996 39998 26297 67751 1554 
7293 15
12574 14667 70986 49312 39981 51647 3704 36429 49885 78972 14763 57054 73884 13465 44087 
9316 16
5807 70147 99852 47309 82906 37623 47249 75727 83085 33100 43322 78016 42636 19434 85069 23358 
29 18
93750 80532 77682 66311 68449 12708 33042 69361 80009 55674 33336 68691 77350 99675 97733 50056 23600 69534 
5635 19
71504 43377 86870 58156 54205 94606 61221 25642 60210 72732 32143 57236 21248 13394 85062 37473 76916 50090 23086 
4535 18
77091 28322 69520 66425 25667 36600 7516 58582 4879 96236 81877 60973 23752 57008 17603 59703 30949 28816 
8677 19
59762 61954 69066 98603 36527 63444 84362 95939 27075 87787 86212 5765 75934 11813 57476 65537 70719 55736 54100 
2252 19
94128 20491 48674 68416 43402 5275 98399 61904 98116 45813 45591 37181 66032 14864 12246 28909 54837 75086 6297 
8226 18
55921 97687 63151 39877 1389 80110 32452 91670 94548 39729 67199 23282 89734 64000 62583 32778 42020 1636 
1307 18
46815 23465 40496 72959 33850 60016 52535 1529 77218 75297 48817 37105 24787 54991 76167 82495 30185 86902 
6235 20
54675 98310 2510 89751 51514 33564 21213 14188 78483 27975 20599 23126 10813 67868 16201 74048 89434 85956 44347 43368 
61 15
26401 83635 10448 30734 22628 26630 270 91850 91434 4280 78493 81777 99911 74641 38128 
2339 17
95783 84827 69216 65811 86162 55998 93801 48621 82212 88562 13989 73062 98479 16402 31604 63521 676 
7995 16
76518 7514 78404 25285 77993 19974 95027 30852 72285 28990 47295 5768 64041 55364 74621 96627 
3868 16
88866 35657 15235 78867 15483 8246 20585 93556 71860 77797 48204 36551 14853 79373 45565 38492 
2137 20
70379 37854 56949 23621 64790 4572 14704 44632 36726 75376 26245 46404 93795 56775 24477 75016 88626 23019 70737 16397 
7438 20
92491 76815 43162 1137 35463 42865 51686 50938 85581 86426 68645 50115 74677 29776 82920 7093 59314 89848 39760 60101 
3525 19
60690 22992 53202 39839 33222 88124 26248 28338 90138 4701 9648 72796 5122 89782 54655 97816 80204 11729 99793 
9294 19
42080 72711 16973 96726 23597 68640 97076 42870 89243 7009 57516 37909 747 37479 48181 54341 87581 33522 57295 
2548 18
32726 86711 57484 28728 32195 13294 33891 47803 86674 45656 74100 75343 94111 84796 4499 79523 27691 52917 
6588 20
60125 88210 19537 75995 48982 50826 49067 50809 7618 42352 66794 98341 1988 82960 38766 2159 75758 47631 37636 36766 
2943 20
89074 42824 10040 34734 14627 36728 35038 19155 56395 38998 44522 11954 4916 61497 68429 56722 68857 48077 8051 90985 
6779 18
96152 42236 97360 81514 80698 32041 23458 26920 17379 64219 28854 55496 41851 47812 2282 47364 64426 24773 
4924 18
92541 59614 93078 48782 56151 13354 87012 66749 44645 21951 44115 66609 99110 59889 33792 66797 71417 6532 
180 20
22770 56086 52970 71005 98128 862 79716 3243 20863 72660 75870 84541 97815 53633 57753 65750 31588 87213 35394 54866 
4556 18
32157 40510 57800 36222 87866 37414 43049 15115 45034 972 64985 74165 54089 33926 76785 91644 64604 56560 
5604 20
88745 9206 98615 83808 9978 26363 26512 42354 3229 21085 83291 89538 19539 63689 63423 74267 60539 98019 95456 75707 
2651 17
87520 40436 7277 69343 6709 84919 33345 15485 51735 90615 34930 303 66504 87639 35995 98402 89695 
9291 20
61965 53569 90997 18754 49163 67203 31620 98661 55315 21108 85620 77294 70367 28135 26874 18872 43178 28222 6043 66701 
7124 17
50099 54052 84187 80820 33815 95164 78852 15534 84791 15911 72194 63152 43774 47497 66112 76659 11559 
2590 19
59603 58315 54953 97615 34053 70859 83513 78111 45635 29997 37688 5742 48875 24522 45069 66541 90452 42927 81087 
1476 17
47921 36162 67602 57158 72019 80283 96318 81097 86219 75901 67690 71712 97603 1961 97715 19419 62389 
7259 16
28997 72463 70983 5724 14752 76191 32807 65832 25195 44513 28395 76989 40686 14943 40291 28376 
9239 18
78515 97260 73807 24764 6754 95095 65093 12123 35547 75646 55016 34855 86429 6812 93009 52478 56230 25718 
6215 18
17113 4949 29973 23386 11421 16553 94148 52762 4744 24129 2140 14576 56408 67089 94517 45216 49415 96662 
8931 19
44975 46470 5681 56908 78860 19568 95780 30542 85129 9389 68618 14462 48430 99045 14270 73278 51296 64479 79669 
5589 14
28172 30920 93461 16716 18607 63705 41680 8447 59911 7436 59009 68026 32515 99825 
4252 19
73224 19213 86957 72729 62340 26067 73659 92372 73169 87121 48475 58654 6511 28200 41155 56397 69466 51077 34069 
9686 18
12234 58585 1739 19857 67539 67202 98885 18898 4984 65300 92969 3052 66874 89718 91702 29417 65441 82545 
4395 19
66605 93942 77725 91034 90725 91851 84928 93784 48010 82899 80554 14023 68609 78663 12772 94303 69050 97933 19596 
9647 18
6639 93830 20992 36874 22523 77077 36307 29392 69201 25354 15121 14951 3723 46419 25514 24037 95318 47109 
4457 15
89928 29127 89588 48851 72070 90672 43625 29944 10762 39188 52833 87383 13166 72866 74825 
6416 19
92349 45119 10158 52550 57172 15413 5425 10699 20964 99308 16620 31915 66830 95684 56390 81253 47968 90005 74318 
4813 20
53605 80961 33887 79227 94508 92336 33141 80938 1619 4381 44893 81110 48889 56513 40613 80023 46409 61968 4925 70504 
5065 19
32542 28614 40458 9950 71471 311 6870 20130 3096 69453 75917 99038 63892 77520 71880 28703 62380 89812 99758 
3837 17
77213 22974 98230 52789 9470 81538 27601 62685 1730 64520 91342 77605 89564 48163 64117 76390 25504 
1331 16
69820 69818 38127 59676 12924 25333 72124 53581 3541 86946 81015 31281 36055 41770 59974 82656 
6025 17
15234 6027 69963 10318 83520 30227 22909 95640 59016 55115 73040 7756 60996 79770 57798 32999 22120 
8582 14
95124 26310 31680 60342 49047 36499 73331 83989 41460 90971 78272 56004 91550 36362 
8390 20
70232 32568 42303 48266 60519 49743 87760 1030 90866 56049 52167 83316 17788 27709 65036 18962 9561 93150 90497 44742 
5551 20
2017 82686 16393 42531 49872 40140 25876 2528 46752 53504 96884 2612 12935 42489 29773 99068 69726 35382 61909 30948 
6079 16
36151 81771 15659 16853 80276 77000 76709 22024 26665 61223 97034 72673 49 49798 51612 10997 
733 18
79180 92724 39705 55817 92955 86454 49094 67770 13284 65928 10133 76251 80266 83833 95415 66261 27665 5837 
6698 20
52944 76220 93865 48694 89391 78589 29418 14519 16542 70031 61763 48976 48503 90165 20552 78901 78305 78708 49808 57357 
72 19
78903 86298 89314 46450 48253 91093 11162 4881 4102 54942 91784 59615 12452 17698 60433 38635 16099 63639 52737 
7833 20
48921 80729 81100 15040 75439 28263 13413 27970 6455 13335 25955 76171 17284 55296 951 65603 77924 82706 28929 96292 
6152 14
28053 5991 71306 14160 6747 94538 6315 3713 75597 71362 23049 16806 24180 33034 
2110 14
24868 61289 1347 39568 34012 21009 59501 33033 89707 86964 76856 26358 51188 91268 
9751 18
30671 97787 77396 94983 86798 88494 40731 68269 36902 6374 78043 81153 15698 12414 92385 68977 67431 16176 
4386 20
55589 76411 81146 63486 27770 25605 55159 51559 8144 74910 53983 20278 58984 1441 41768 41057 51286 70149 2757 50686 
2998 19
3616 16572 31009 41318 13822 95424 71448 88364 26160 31381 12141 94677 54540 1070 42006 59790 14986 26729 87616 
5117 17
81352 84432 8709 18535 3822 6466 4056 94198 57577 24745 99375 96074 47619 12315 23603 99343 46548 
4380 17
20565 20263 82752 43103 66833 52213 38621 93492 44273 11324 61185 42963 18963 5229 46072 45042 21474 
9847 19
40102 49572 25360 83320 76930 96190 11764 81346 83562 98774 67470 90236 51583 34886 42249 31148 86436 37905 85170 
6977 17
66128 32183 70449 71114 50143 34286 75975 32393 26326 17293 1942 99975 97203 16614 48057 70124 99006 
1985 18
21711 53075 17474 61947 21684 79703 44967 75766 36762 12654 85728 46771 50199 52897 15175 21898 72046 77460 
3764 18
51167 85103 69583 56429 71135 95518 6181 86064 75741 60695 26712 89748 84960 69806 33508 6290 76664 4642 
6185 18
43886 10957 64503 26521 88182 94908 13777 85140 80553 39140 75533 1550 81670 50605 53631 4259 92901 49168 
3737 16
43158 47737 85327 59688 21489 49181 88312 12565 21407 70424 43515 34756 68991 84845 12217 59149 
9733 15
39173 58005 38374 90923 55543 16989 58337 55530 14939 77857 25678 52738 73503 46377 4715 
242 17
20744 36153 189 19002 23468 395 70018 45438 43269 89742 48235 10942 17280 86949 78106 10820 98978 
3134 19
34939 78031 35068 85767 57795 66699 51206 85527 76660 34373 24736 76719 79014 48041 56152 49408 67351 57609 96407 
5426 16
72585 5925 19950 48107 28081 75702 80817 89167 72459 51907 8856 68419 55517 80783 45328 94840 
414 20
58203 57632 134 4391 35170 30257 13209 3857 11876 12491 43849 47195 82540 55000 67594 72431 98692 78367 75477 61099 
5761 19
90886 19707 82127 82537 22202 13204 17367 70757 59747 7101 77951 58793 51586 90546 9465 83633 49440 58848 84117 
124 19
24621 61355 24050 73992 27245 14060 85089 95809 42217 1761 15639 22781 19998 50535 14797 15396 72008 98554 59965 
9775 18
77110 63160 77427 96993 79094 63112 74620 61448 40064 94834 91818 58834 4152 7553 65172 75873 51106 10071 
6446 19
15900 97353 66792 68545 68205 46530 53448 69144 69387 36923 35735 27618 83774 98393 35871 99013 78839 10142 58291 
9795 19
82816 40005 63213 20885 76529 21612 27957 51869 21198 17117 43506 66744 91990 41804 76716 34002 47305 20434 65418 
5091 17
12683 88734 69124 8330 79615 89906 31388 10382 44496 25414 38037 57384 28866 21570 39856 28304 65945 
165 18
77458 56855 28355 37089 6338 82111 76135 81958 57068 78600 71402 78531 77356 91426 51720 33518 29967 88798 
7666 19
57985 21917 59732 69744 10829 83744 71368 43543 72848 62577 23158 64442 4587 74893 67198 35764 12676 6528 7657 
2830 20
73779 43765 27169 2816 85802 50999 24754 93477 11521 52506 81508 66058 69904 17347 2023 22923 62515 74125 3571 65030 
5849 19
1608 97553 99523 2889 49834 44926 19152 79817 15196 89578 13806 75944 11766 80951 45652 45671 15950 45274 80858 
4977 18
63297 11224 11548 49185 28301 24860 50638 67647 37896 25892 76211 65947 16293 90518 29970 67010 28157 36862 
7512 18
13473 74 35094 60390 32530 8122 90572 88722 64121 25400 64757 45226 2705 76456 76140 50160 93792 63912 
5607 17
87884 13976 52916 40859 1577 47916 93808 59715 1237 35592 99744 66512 1411 49891 2953 25977 86135 
8839 18
73517 13780 93992 81713 62467 17418 61444 25692 80409 4964 15830 66404 30601 79479 48420 24954 25978 76776 
3679 17
43919 30290 53944 77953 73279 33897 32628 49586 15648 91484 54193 20209 39446 8895 23169 73820 64846 
1137 15
94733 49198 52467 23843 73122 32799 15617 53183 49964 181 41013 38498 89486 75813 86110 
7644 17
26476 43396 71355 59212 89347 97054 43063 69898 62560 11830 14944 22370 79845 7510 86800 51970 14114 
8366 16
92987 85671 28568 42380 10967 83581 90808 42059 48329 53228 6347 69000 38146 65423 87384 57116 
4626 16
40041 93171 5871 59185 72668 43299 47208 61425 5799 55430 41373 31619 76669 47575 12639 27547 
5202 18
18250 60356 31782 86155 19273 21096 65496 84690 58369 62898 97824 34541 24818 87187 84619 58381 70761 15311 
4473 18
42415 4317 53865 73746 26005 6122 50259 71325 49167 23389 43064 18569 91984 51623 80782 50710 62394 77021 
6821 19
34765 13254 40424 1631 64475 6120 40734 65710 47392 99232 74059 38721 85849 36401 82842 95339 30421 2614 93884 
5568 14
11989 65855 66563 40116 15721 70548 22644 72568 11333 86322 83113 17432 45053 67294 
9097 17
9902 9544 68480 96626 79677 98423 66826 95707 3683 30544 69480 3785 94747 16676 70185 19818 85560 
3597 19
40462 30212 95110 43268 15572 44464 11413 10118 37962 76133 43181 26650 84345 90342 82493 12667 73670 55285 59146 
1478 18
29736 81910 56764 95287 31959 59763 21990 16091 11030 70272 40915 94114 99281 44076 3165 94760 16541 88154 
6924 20
71058 52515 321 21608 74778 914 26289 11872 72342 79063 63846 85194 99091 17326 72444 35243 79444 74130 28224 437 
599 18
65840 77874 84613 56373 86730 12746 11155 89722 2772 70241 78333 95277 91700 23800 25834 77534 87674 87928 
1899 15
23284 60303 1716 62989 58204 38591 57857 20237 18414 54589 9339 3380 93748 42150 25893 
1557 17
3194 79620 23157 2858 11168 5566 64895 5543 85028 49134 8127 13668 60485 657 24504 69284 23294 
2595 19
68600 24051 74434 65394 6211 14294 53077 47277 7402 43589 89403 37988 99774 85163 21527 32210 58789 56102 4574 
8521 20
64176 83416 49863 86004 86374 5922 3523 9525 52981 14317 66555 55003 92700 98065 53094 45102 75115 6293 94592 72412 
984 17
5364 20155 38364 55512 64584 3149 10131 98443 62866 78657 26821 43392 43599 29093 73305 67207 99627 
5219 16
22188 22397 30980 48243 90846 11650 65749 94762 15058 27426 2318 89641 4727 50308 86054 68110 
5437 17
58359 29133 84137 62156 75118 39244 63416 94845 40517 90727 10326 36537 70941 99313 46209 49865 37541 
5172 20
51447 57499 4624 78612 70466 52269 6742 17102 52564 57587 40985 22553 863 71104 45727 8430 24432 67828 5955 32583 
5471 16
65498 60059 92558 62953 69600 90653 31354 54303 85226 33430 64136 70949 24670 67905 14515 44193 
7838 15
41456 59223 32256 4101 76370 81182 23853 67961 44332 34832 10875 44970 34154 3645 23441 
1743 19
65475 29366 24269 20821 50750 94296 23004 11480 12591 89597 50948 87627 76602 9692 68503 34912 12481 80002 24247 
5811 18
85320 74557 27102 6893 35642 45346 50897 25826 17872 73954 99537 13126 74209 1668 30850 72936 97719 72787 
417 18
1989 6910 94957 53611 54617 35858 15324 96586 66048 10368 24763 99685 93582 60189 47041 23860 42052 95889 
5171 20
16578 35832 10543 49129 52278 83485 98516 58294 59834 71222 53013 31258 22050 72825 72316 8111 32968 57161 30835 80163 
521 16
57801 7326 82837 88648 85149 53166 61408 4233 76673 2254 80393 35549 98259 2059 84559 11261 
1133 20
89093 48670 67618 35861 41188 21741 20708 87020 41625 20269 4635 80544 50898 23940 6023 84375 23045 24559 22869 28103 
1420 19
76512 27803 26410 18028 72371 28783 88102 74425 89894 20791 11526 24206 24401 46426 80524 39276 82035 1597 84686 
4951 18
60464 83976 54317 96872 60946 17168 17051 47056 80866 4648 94786 99435 84586 9077 81802 97325 58531 79988 
7042 19
60582 42074 72464 37687 49221 64879 38712 77640 24343 10231 94727 18110 79123 87349 18938 1911 92896 27467 69648 
969 15
11375 16352 3560 94144 29407 6800 51351 77890 36205 64681 38137 24281 90538 7644 4938 
2115 20
57393 56546 631 52372 56731 70698 30329 99970 67550 40196 44940 50089 82299 3811 72783 62652 36470 54155 99988 28285 
5873 19
51111 42960 71845 49162 80581 64148 25664 54746 72106 10884 31494 34432 30683 68214 76811 97334 11228 45383 26816 
3186 18
15050 60091 64921 68807 31037 33520 37262 25812 11697 12675 5550 12170 15814 96963 9898 63734 4252 13938 
5789 17
54566 87405 50132 13429 62416 347 78124 30447 69491 15119 16737 31614 89758 61402 34964 5401 97026 
811 19
94207 7006 87847 13093 66814 43056 25691 33777 60123 32257 58470 87977 36628 18871 84120 50881 19254 11148 68738 
4381 20
21975 38669 40460 18215 75947 3505 1852 49126 46161 24950 38524 81256 47841 58217 4894 89736 1734 31979 50195 54841 
3626 18
48568 12872 88247 93048 35013 43673 83171 93140 18769 64512 71046 51156 97070 36207 60051 44095 71871 47103 
4011 16
56544 17556 27377 93247 91863 62780 27333 91367 45199 64750 19886 71497 25444 95834 84344 37512 
4231 18
22830 93013 28 33514 81509 90565 37715 26108 83453 7049 6070 21764 96225 17548 68464 48429 52359 24035 
8008 16
71377 50829 61943 33914 37017 35381 18070 3839 38386 93520 86370 765 69382 47538 78634 69813 
6468 20
33024 70998 45359 52653 12308 38772 39842 6743 5418 29476 93445 60710 84678 2730 85490 43956 3664 15038 81275 68680 
9447 20
38493 70663 38593 673 76262 410 89681 38320 34612 76725 33653 90735 98621 61857 42871 20351 83518 38150 14339 63821 
8093 17
89863 53286 34533 84931 1934 15847 3141 17236 5675 11320 97945 22993 46747 93112 39976 35669 18541 
673 19
73053 37068 58881 17215 46508 72520 50079 96349 29444 44256 93437 59134 42583 92933 97092 20178 4694 74144 65306 
2126 19
91307 15433 24695 2994 83515 37437 39045 39158 5152 33272 46775 80042 18221 79908 75921 92653 6266 16653 14772 
3678 17
10529 79816 7032 74726 76329 59509 21110 78677 47403 62688 61464 29646 85429 82683 89351 63738 53732 
2354 18
83836 34592 13855 85588 98489 40503 36553 88758 95568 44082 64925 17389 84102 94728 10055 18980 43350 48364 
868 19
24532 71352 20414 52243 47902 44131 17941 98580 50525 50252 89428 42156 55200 38056 4267 19436 48775 26508 4022 
1154 19
76263 89411 4517 21593 94666 38244 68390 82830 33886 87964 22384 93107 44725 33249 45281 78403 13341 10939 36558 
1316 18
2024 8399 54062 76036 40854 47191 91966 42573 31724 11195 53426 67807 9602 16101 27652 88579 39821 16199 
4430 19
44228 62452 81339 52219 68883 36836 55012 37464 1557 11400 92534 12679 37523 3216 58755 80658 73238 80369 93730 
2664 19
52093 54995 84514 69525 70202 65434 57718 47150 73448 47589 80596 57976 96111 31295 73485 91693 60287 30059 39531 
6464 17
78557 73781 58880 71231 73743 42483 37271 70117 7568 84763 66338 51166 88610 42093 7421 8972 19163 
2269 19
13151 68373 36013 77141 83406 7341 54550 37632 27432 25367 24443 96431 16400 77337 54049 48995 21349 79711 60244 
4713 19
7840 20958 42024 16018 4500 47016 6256 15110 97498 15233 2430 70362 79089 18798 344 86903 55232 20393 76521 
5269 19
27223 38405 26048 5257 7929 39365 86823 9236 50139 24854 55893 61193 66959 41417 32970 34903 79595 84148 63780 
7786 18
17896 28405 35502 53760 15505 38905 39415 79747 49193 95619 54098 25158 1248 58615 76788 98713 41312 30416 
9963 19
54749 66242 13534 51392 11101 74257 13159 43895 55717 32448 23537 34741 1914 27003 99824 3471 35723 9928 47722 
832 18
86392 29746 98497 26078 76482 42719 3870 4567 54441 4118 53142 17213 12923 1489 44419 85275 75680 29059 
6423 19
16915 6832 18339 40246 95350 95909 60935 7116 51462 64766 77451 59936 10228 83681 23991 28524 9657 92164 29438 
5113 18
40419 63919 27943 83827 9777 26368 96410 87593 26672 92685 69790 70484 14354 81601 21533 4515 10913 69974 
293 16
89089 32085 1378 30919 15322 88008 35161 19233 74344 52805 98159 66807 21757 87656 46410 23028 
703 17
86055 73064 49338 23091 66951 89033 56745 36614 70286 79756 49317 45427 10282 39014 97238 73048 75982 
1453 20
17714 25123 54983 15385 56190 28208 24651 38811 66733 39332 49749 74243 1339 59341 61255 12015 70749 68226 51412 22832 
9017 14
91709 14022 5712 19329 60058 91892 26768 60619 43329 91072 80430 42812 65630 95557 
6134 18
88845 8314 20223 28511 59575 15130 15983 16441 46847 72197 54442 58272 21341 84770 53746 3 93362 17304 
9506 18
61131 32320 91177 53947 73605 13325 54080 28035 82657 2253 55571 95401 73120 64272 48747 33125 52150 24168 
2119 16
95209 45675 12283 84550 27592 88212 23288 40627 47154 39745 4940 76818 93238 34485 10162 59456 
2235 19
18597 56327 65586 81026 75038 95174 47269 39343 91372 60651 71171 90978 91502 94805 19971 4980 34107 31664 24426 
7843 20
20265 17796 13585 31208 40070 5667 9698 99266 45791 15016 3970 75591 40884 44404 31352 74467 42817 77573 38684 9526 
8902 18
33301 22675 45112 94621 22065 32830 18407 60157 38268 42818 24014 40132 39516 45574 96807 63862 31122 51948 
4463 18
28195 7858 47964 39388 25685 87340 25398 53413 49953 83013 45282 829 32644 79233 90453 93378 33779 47407 
498 14
75135 77897 72849 38688 11241 85390 4651 55274 80075 74383 14276 84687 95302 64733 
5654 18
58774 55252 49319 47669 3479 26060 13720 89846 26456 83268 59164 42559 80070 87670 3565 10907 8560 94010 
8505 18
51950 91543 75626 82264 70781 63958 99498 40259 80284 10869 86182 35399 62215 4848 44883 68405 68816 53693 
3742 19
22010 98741 34927 57230 19787 93305 38617 40542 24138 39609 38515 12235 70768 90056 27890 10046 45008 53473 43408 
9992 17
65697 18310 63811 12834 19245 84675 24118 50037 21906 60898 2448 65970 94642 54487 28487 97315 11896 
6793 15
5382 74394 79152 6450 33019 42097 67385 11329 35889 19311 77295 93306 57183 28348 17817 
3050 13
7507 17096 20053 89911 80440 31709 57053 55851 50044 77035 63291 14042 20139 
5339 19
74857 8649 63380 97317 93773 61805 72427 57668 56296 82022 11166 58639 40789 57166 68007 42866 21895 58878 12125 
4975 18
15294 46795 82202 31058 50453 59131 4055 34111 44093 67501 17712 31660 9209 32445 95820 8832 480 27153 
1226 12
77342 44775 86281 44968 233 62617 22973 94276 96907 8998 64032 46361 
3622 19
17987 75569 4741 17060 24612 1945 95080 22725 73330 90636 57909 44900 89331 42567 76681 66237 80674 11707 12239 
2657 19
12476 24266 47663 66936 60851 70935 67057 20372 29608 68893 46433 83921 86839 36709 69036 14268 32792 86153 42175 
6609 18
62769 26726 22173 78614 73426 64281 69910 20546 84281 76612 40813 15824 8037 44884 34525 91760 17782 6635 
9667 15
13401 59887 70655 54762 90180 36504 43833 16180 40011 66302 56222 94791 20501 66630 50609 
8587 19
67325 4685 62910 76951 56007 61696 64378 35465 37892 89433 96446 44756 2274 32612 61852 47251 79082 75555 39498 
438 17
66969 35391 83889 99274 35054 32649 42082 11330 66175 69232 60434 89610 38629 79345 26861 63712 27092 
8101 18
85863 77330 7489 18975 19326 44892 25853 27883 9825 11981 4386 69595 87425 46390 8586 96290 69837 87912 
3034 18
44302 45572 70245 1035 25349 50059 69266 18416 28057 88522 91869 64024 67044 64825 65198 41881 86482 97841 
8591 18
31632 10379 50910 84079 55863 31112 79328 4367 30074 78446 94483 64419 92938 60267 60237 2595 49613 58214 
9200 16
40998 49335 23736 5786 75076 72874 94798 26733 90870 81025 59635 15517 8628 13319 23611 21877 
9574 19
93797 32523 58606 78540 47383 62810 5934 2343 10510 30215 23994 15704 46276 99574 65428 97499 58472 59397 28041 
993 18
37640 5913 15551 93522 98506 73163 65658 98571 82869 96099 1939 76936 61584 62743 3923 2896 81791 83276 
1618 19
30016 59773 98289 41190 34808 30245 19733 97250 2216 37148 89628 52505 39408 59552 81907 27330 43601 36 16210 
3394 13
39436 15939 54203 95135 81118 10310 98924 10938 58482 2863 41598 64967 93786 
7726 17
79952 84050 61424 9587 88213 29087 63936 43404 82992 51359 91734 52019 65491 44524 44950 26720 85737 
9596 17
68283 28257 92897 36022 46877 70628 62020 82845 350 83745 36722 52255 74803 24317 6407 58817 83441 
205 16
48013 59987 38482 66489 17610 89409 35266 36301 64997 5036 28752 22789 15899 54398 81965 85922 
6355 16
97645 41965 33872 70258 20133 84084 65387 94618 50907 17030 62766 56480 31177 44783 10185 91485 
2162 17
93034 31645 49668 54504 17961 42376 81610 63614 31401 84861 54449 34879 81932 66269 35593 33165 44531 
2021 18
1843 27794 71286 50373 37252 78156 81421 71534 35269 23418 32198 37960 74288 59167 51017 78468 12950 64069 
5254 17
86005 19128 12758 7143 3033 77475 56441 56823 36272 41281 16734 28576 54325 56542 37471 14429 76406 
6980 18
53205 55463 46236 96257 95986 5817 40284 5705 37419 23837 57681 25220 52865 92148 18909 10247 345 57447 
6236 19
95663 46152 89336 72514 26472 74537 37495 85494 43916 49075 71100 89773 67257 89011 6736 31748 23755 21997 97316 
9143 17
49178 60772 25932 45158 48011 85265 88929 91287 57260 52799 66006 96999 88337 40948 67560 69322 42356 
5971 19
29132 22135 38344 22971 30555 74513 36326 83747 37400 48281 66882 70249 29902 46878 26586 59170 89985 17058 33269 
88 19
92257 9925 71517 64710 83567 2478 13921 16584 30039 87879 95943 28074 15842 42841 8235 85299 83687 16004 96717 
9676 14
93929 92518 68280 43234 70745 14601 24519 24654 14940 52718 16635 94138 96170 89472 
6715 17
35878 70288 49510 96008 69349 94724 95314 3598 68116 34769 21077 98111 26822 67956 75926 92033 1147 
381 16
83622 64923 41769 26995 75098 86835 13349 8747 17315 7 2754 40665 97925 23543 3837 78218 
3818 18
40684 36133 82884 77664 79850 85029 68854 88240 21513 24980 63719 30574 75954 98521 37897 825 96670 55017 
4891 17
4167 95816 81515 68083 45691 28857 4718 23737 35489 99788 74078 23732 28267 42432 49811 28246 4689 
1550 15
68279 46278 27391 39689 95024 9830 53781 76247 33528 55633 96794 40400 94711 18735 38858 
5272 17
37152 6228 26000 54677 14946 18631 83652 52185 49264 37339 38740 37519 79790 44610 8396 50995 82744 
2798 17
62930 13972 5547 55073 74714 25320 24639 28463 39151 96876 7485 46101 79291 3363 51701 2298 36023 
2366 15
77114 65455 49331 1973 51078 60684 39807 1659 49368 15075 93864 78503 31925 6938 90125 
9432 20
2249 98418 56335 17858 81542 95835 11634 11793 96975 69921 82880 89583 29522 43546 34357 76675 1915 36104 16250 42127 
1731 18
95703 43551 45653 49365 58646 62603 9773 68097 88863 6756 26239 26296 40693 84056 44982 76857 2408 19645 
3212 18
88095 84954 4550 17702 36599 75898 15474 26592 29924 98398 9199 88836 703 3318 85403 17078 55051 44512 
3459 20
33307 1678 87515 77920 8575 57400 24874 17120 22522 25755 87562 75515 71217 55157 65964 10876 12206 28136 53358 97886 
8449 14
14558 20646 45138 28274 80146 39740 8130 1067 63841 79160 6551 88496 150 18333 
2928 15
97630 84448 67282 16309 16159 18109 12157 57257 31414 15036 82132 47749 63149 77931 83392 
2079 18
81842 82091 18985 87837 87813 3333 10174 9323 47464 49627 13037 60294 65350 96654 24382 87657 49369 22275 
5950 17
25452 42850 30523 85222 91878 8827 1357 79797 13810 2055 78148 64882 84196 3008 39675 14756 63389 
9767 16
72338 84385 95529 20734 51380 18458 87893 27427 64491 20073 49839 25318 87193 49889 63897 65146 
3470 15
20558 98740 83206 73037 46955 33836 78132 77800 56067 88324 41087 72116 20222 44068 23632 
2297 16
32352 98491 19238 67018 61759 74118 54343 20451 72402 48161 5511 6718 42504 70960 26037 34902 
6115 18
63877 83165 74708 46716 63246 1292 68866 8724 77082 28690 31377 25374 87223 30659 20120 37543 61183 7852 
9701 20
65966 27268 25174 1525 1052 8094 31395 15781 2818 68342 91110 62016 51074 83698 72243 31118 8182 15834 82937 86794 
8363 20
86460 75160 19297 8218 22066 24495 10067 58215 52197 4338 95698 79757 90492 77027 21268 21457 17958 421 13267 12905 
2567 15
36475 71812 96810 20741 47761 8448 15997 18612 17752 63381 48742 72348 30691 72801 96368 
7534 17
6159 57846 42500 65621 62332 57589 63250 96584 75223 47444 46911 12910 62273 70731 15974 60646 23357 
1241 18
29536 35438 7283 31753 25953 22364 6017 67054 32832 86125 58465 64170 38480 99029 90313 34500 47856 33262 
9013 18
64716 79910 88859 28809 63012 56101 23750 45327 41657 52400 75957 97195 33431 73728 46927 56551 49605 92583 
9070 19
1833 95623 26864 50741 79699 34749 28391 18933 48849 41616 95459 18941 78692 78830 22344 46400 78622 12507 12301 
6805 18
8175 5852 63182 87313 12103 12320 4740 83178 49444 72651 83935 6252 7080 96088 51279 85071 20240 59020 
6367 19
8507 89772 95063 18716 68008 74113 41361 7512 51554 12701 4513 51998 55679 59315 55688 4138 46085 85339 53725 
7039 19
91512 67834 77918 35573 42126 42519 36815 98041 27978 83474 50114 77076 85555 72967 70713 76407 20064 27899 71440 
5530 19
59366 81846 95967 1436 94165 8809 70492 6221 3036 51062 71384 15173 59019 36305 78721 76723 81028 19170 38569 
1516 19
74133 89052 28928 6026 25096 65931 21851 68551 75545 54631 35392 99725 25771 88346 93938 7187 26779 86602 38377 
4742 18
56443 71519 93082 96223 13207 45484 10573 19146 1743 31598 40125 71030 79458 80334 31916 8825 22189 87984 
486 19
97830 4790 62384 70433 92872 57487 16438 74082 1886 17824 92546 21153 32434 30785 80033 28477 78122 77753 31791 
1584 15
80641 55911 51502 39082 20516 67789 21771 11055 35610 87744 92745 95584 91937 41634 30631 
2047 18
31450 16869 65400 85450 16253 81296 28650 75276 7932 37522 956 5708 80520 44463 19298 94556 29083 10296 
8328 17
86907 92596 3549 46690 17414 8882 9753 74458 76330 45149 70422 22131 63526 42852 45518 28629 1788 
1037 17
91667 36246 59078 46511 43317 11076 89697 59650 90410 17608 67113 97148 90382 23309 61415 86998 83452 
9060 17
17460 91847 85768 78524 58438 32288 49125 82115 73534 30539 2832 39421 51498 28418 47744 3631 21954 
3580 17
54485 15914 26308 68291 74033 43312 88651 94672 7837 33000 12403 58325 29107 47553 93285 84211 22381 
1565 17
60497 21345 34472 94823 61342 97056 85015 96150 29635 71487 32549 91398 82383 19907 52008 72597 5130 
1963 20
36219 41579 22925 47421 21730 53039 77314 41118 27447 85379 41602 65636 60410 41207 70641 6107 95370 61203 33341 36653 
440 20
97381 92904 22116 75875 72845 65068 51407 17196 14865 96386 81887 22669 22051 52863 29751 90229 52208 64025 88277 98786 
445 17
27036 14411 24640 90346 86612 92413 64459 24482 59344 35349 36172 32384 2014 69678 55148 18854 47090 
6484 19
73073 64720 22878 37335 6410 39787 66040 91647 53319 70009 3922 50057 26862 5028 86189 87186 30527 2347 65804 
6218 14
28704 99660 71790 9772 18018 21458 11167 26004 70536 97296 93996 78879 52549 90010 
6470 16
52430 20950 95501 50052 35795 18006 97803 64147 52709 81962 1076 22269 90831 1969 97384 28558 
4490 18
58202 71337 81386 16060 70238 83630 44635 62514 77937 19038 95526 49258 94608 73041 39788 88257 73008 6041 
7312 17
50617 49967 44421 62565 24747 12490 61924 94242 12197 88202 28791 58254 39265 61897 33892 27440 23031 
5030 20
36814 35724 8186 66633 1763 82133 53718 90423 10444 57136 30735 36144 52071 42899 99897 98456 19728 44278 63887 43874 
1661 18
24511 85544 148 52131 38934 31834 63329 54200 11558 99581 61243 51298 24792 88907 35534 41620 75322 86486 
5956 17
61150 73217 1566 33959 57377 66314 65480 81811 92215 83263 93419 7784 62969 34372 23111 18497 89882 
6370 20
33734 88380 46583 427 32239 37690 34253 18097 91160 32566 93433 93870 94898 3501 84683 48312 43840 60385 40362 25601 
4246 18
79660 9858 23821 75618 21451 8708 4405 84822 32000 66005 44035 53527 42037 38259 59780 67222 81796 64689 
3552 16
43720 31819 89918 68779 4127 85967 42 12167 69434 15879 53591 77022 64890 39157 46670 58989 
1826 18
83330 21922 66497 18765 64048 26070 38060 79766 20399 17481 62632 83776 21512 5968 83483 9471 55687 90765 
3211 19
23753 51082 33432 45273 57344 60062 80958 2888 42423 74216 75480 61302 17693 71341 890 21718 8863 93215 87303 
1394 19
2359 1096 11683 81438 88850 66090 54932 77041 94512 15018 15424 7515 31292 5295 39712 62801 15102 24054 63950 
8033 17
2919 8024 90525 38348 44501 88568 46948 55854 41502 99271 73056 64948 85106 26887 68909 86261 87991 
6153 17
3584 42225 66858 74845 99823 66107 84343 75433 26120 69519 51064 16235 72700 21525 60960 29233 9862 
9836 18
78858 64956 79991 32683 72558 92220 84746 85288 54368 65991 46523 10156 37094 34747 49563 32046 63244 93608 
3080 15
81404 69934 20809 17256 74341 87054 3671 31796 64673 78611 40481 6733 31977 54164 1883 
4830 18
90407 2082 65869 44469 43359 19407 52179 90737 12587 50014 47652 57205 38252 297 16188 9797 60012 31810 
840 16
7307 56240 4366 40919 93694 31436 80058 27925 49731 15538 13123 80803 12625 24554 11608 36179 
5390 19
1629 91957 41659 46059 96555 76674 98409 37734 9937 80485 5053 65140 61675 83944 32506 75021 41223 6763 41258 
3334 19
70502 52459 66019 8390 3390 74193 78535 78792 25209 1165 72123 87949 95596 9662 86180 28291 67012 49268 18424 
930 19
15374 77709 50122 98123 69882 32075 60154 30940 68671 24536 24066 64593 64149 69252 62830 8878 55988 31670 68975 
5123 18
68230 22311 31182 94583 73875 87725 4620 19589 44 33095 44326 87570 18712 47057 32289 35623 26371 60536 
7218 19
75619 53763 17868 42873 41014 91340 46565 67526 32922 9385 10604 19101 45458 68180 21624 7404 49821 58235 88476 
5291 15
84149 34906 61936 57167 59522 76501 84620 70384 38170 80916 28149 56315 90668 14817 65915 
5889 15
52847 67023 24905 60145 46453 50516 53887 41564 25503 53753 52052 196 92496 21957 56880 
8157 17
30093 33974 29338 77610 52112 88748 80572 38401 17039 8976 62986 5079 56037 43416 80212 43003 34530 
4355 18
55999 62148 73320 57430 45052 87950 1478 7753 56024 81916 51294 98644 28851 13807 62132 26051 47254 60822 
9508 18
24235 75059 85016 85823 14879 67267 98168 34392 11493 97151 76912 40741 5450 97289 7592 92230 12510 78213 
4963 18
99629 28048 34875 28802 47826 32355 21883 62023 61153 13355 21360 67334 36289 99191 39937 44372 31380 42460 
6285 14
10892 26159 96251 10521 41241 94245 93151 14578 86520 62169 24073 32485 86974 83809 
500 18
57125 91652 66310 83347 58655 98148 78037 25274 65414 62468 99206 71608 23993 53816 94222 22226 22260 98225 
4297 19
41818 40293 7838 40342 71757 77693 28652 25838 75660 8519 10514 85081 19612 81533 55765 596 50128 35826 5924 
3318 13
76786 43084 69979 1598 61006 58059 15194 32281 86023 94732 45513 22250 80271 
517 19
41481 46862 90605 89982 74245 54503 30055 79584 60630 47947 81806 21012 45419 54076 73642 57333 3476 49599 74050 
4275 19
46631 60857 63686 80892 86342 47970 99148 21220 70417 71821 2809 32042 39744 95189 86091 80800 93416 98905 92110 
1244 18
69323 4661 58545 65878 2194 9198 75652 73099 71727 60745 60374 15399 98458 71236 8718 40847 30477 88658 
3406 18
22649 39556 28551 67680 2525 55139 82917 53507 3749 37390 86556 77535 84299 66604 2838 36740 33196 91345 
8683 15
94313 22774 76224 70123 94739 58644 87996 54414 15613 5972 16759 17992 44385 60422 25176 
4393 17
41944 37998 77553 71227 23274 45930 83247 45703 7129 95520 61800 34591 90953 56902 96102 1359 28106 
706 15
20841 2800 13147 15331 28375 2442 10091 9322 90300 1804 20981 10130 96598 21956 27067 
896 18
10622 79679 51615 84771 65633 73411 55381 17942 32544 31190 43258 23617 91672 27111 56854 95797 72230 11746 
3156 16
60921 70022 41816 44433 17659 48445 93278 41314 20300 18056 82727 5883 69169 68184 43827 94725 
891 17
5752 87948 33768 39858 68095 74930 67375 77788 44791 76477 88916 2533 10855 6322 25101 61413 79752 
2746 16
27449 2760 37813 77302 61610 39339 70366 84885 6172 11870 86804 81792 96044 17972 92342 94130 
6189 17
29089 80523 60912 99320 27544 57806 27676 72577 28025 73003 77413 55154 74773 38508 35114 35704 55709 
9550 20
13768 16900 62462 78565 42609 41342 7589 65218 72705 8236 4066 1235 72989 84170 77601 55522 24547 62549 96624 94058 
3891 16
70328 96200 77393 36064 64916 21847 5875 92040 69713 46221 17549 27807 45174 42805 47052 86807 
9553 18
86467 60561 22616 44997 10375 42722 21529 15090 73449 95899 66104 22578 84565 78814 64309 81772 45017 323 
5177 17
65536 98745 39707 40377 87343 62448 97785 37729 12620 93683 40825 40640 55279 31518 35665 63765 28931 
2173 17
32546 71167 51897 33439 12607 32753 82221 65624 93331 23723 16757 23658 73730 22842 61124 31904 76018 
5450 17
57511 82616 22566 52840 68959 59419 57238 38670 53752 14522 71235 63132 72058 77409 56603 15446 29993 
3313 19
15087 29810 39101 21240 78315 27001 16056 55400 69247 61534 27145 76838 97791 29372 86764 13500 54001 15393 12670 
2892 18
51425 30672 26190 51820 85247 50451 37513 56667 55996 20135 74543 20815 53745 9474 4658 72634 10531 69949 
2760 13
78645 36859 27297 57304 64077 93269 30126 89490 78331 64610 16929 26113 85851 
6633 17
97717 48990 66888 63971 28747 27148 23120 50672 7343 13722 4861 71810 12603 38820 91131 46796 69673 
2147 16
14417 21848 23635 69647 58874 70931 87523 88703 76154 69524 79979 39926 94883 66472 46721 70177 
6669 19
59832 96915 92111 3242 85781 83505 23109 99363 42918 67049 38592 85615 76938 13095 35314 77258 1918 1889 1901 
9275 18
10678 65439 5993 54384 84400 46024 20719 44588 52454 74937 24056 81883 34618 55292 96050 68647 27217 96342 
2260 17
93385 53854 49470 43072 1867 42714 94835 97427 40058 21737 95866 87116 65117 32797 69575 31416 29339 
1525 19
27961 60421 53366 68314 24060 42323 16791 93090 88997 91112 59789 73558 22667 9352 62072 84745 94367 95293 9687 
3454 18
61351 98346 52330 32422 4898 19304 7321 31384 65309 65984 65362 84783 19732 34871 9148 65778 55062 68136 
4241 19
65406 22983 57750 63342 28901 11817 80956 62174 87208 32512 39604 94093 64581 69432 23074 72229 5812 16678 66206 
2819 15
53398 37738 73219 94870 3543 84131 84230 70051 75810 11173 30728 37410 66875 43177 43189 
2941 17
26702 60521 48683 74413 4640 83131 84005 93261 39396 23637 33092 99409 66681 88228 87413 6628 15166 
16 16
45060 59477 46573 65538 46212 12081 31044 14484 40720 69365 78933 45051 80933 21273 86246 79317 
8910 18
61520 97575 43138 92261 32055 87320 56663 4878 42750 55435 83365 35807 26215 22611 81603 19559 19798 13132 
147 18
85475 37898 25669 55169 77014 37483 53926 37740 14550 63425 73296 19749 94927 22178 10586 68662 35845 88118 
9517 14
24720 97001 52964 64422 61144 58949 51558 91100 76115 97254 88018 25943 36928 65632 
1640 17
80930 18860 91380 10173 17916 45754 7256 57479 21242 61934 82408 230 5558 45617 97768 46517 28535 
7291 18
22361 46919 93667 5342 59060 94577 91141 97174 12393 35956 95184 41236 72354 95257 4819 29640 13447 2913 
8139 18
20698 57494 67726 30109 54522 68501 56432 99605 98805 12427 8074 69867 93749 87734 10964 4255 15831 35907 
3892 17
99035 36386 94948 62900 98800 67317 71082 22403 53692 80893 32622 12462 87941 42265 92764 86775 730 
9496 15
99645 62496 37815 96840 18046 79773 74179 1530 57726 91416 48561 94658 73873 13615 98391 
4250 18
64845 25688 12544 98758 95329 8999 4060 8404 20049 59754 25963 22377 71909 95498 66035 6612 89315 16418 
2429 19
19201 68148 80317 14201 49180 50104 11679 8951 57579 14625 87863 37185 11092 16390 65499 2292 14546 85520 79520 
7975 17
72722 24213 83556 61299 25559 98766 37579 3073 20873 40404 62832 9242 59175 69390 34605 70037 5211 
3545 19
70207 52409 76042 62319 96911 94688 35466 90854 11624 14653 67367 6648 13834 78285 21320 40498 5685 24607 25525 
2250 15
38008 10297 87671 68845 14779 46943 19243 87037 52198 54812 3417 3737 95542 84817 70257 
4019 19
46896 75900 24748 73502 77622 68577 8242 4418 93507 11158 45883 22638 28194 97352 57610 70984 86048 97287 17988 
9971 16
1694 24796 49050 183 5995 43708 49710 35042 96296 29304 94187 43009 39106 77332 16829 25659 
5565 19
4315 56005 51182 79310 77462 5639 91866 48934 72878 68023 95217 14332 3209 64592 29798 66873 70688 39586 70730 
3572 19
61989 60392 89382 56378 57615 83768 92553 11614 58966 86559 7170 65971 55647 36954 71847 52260 25351 4815 38634 
1721 17
96680 1328 66601 92021 12941 12706 26762 75648 9681 13436 1271 45900 29998 6368 979 46182 49144 
8717 19
62598 75814 92231 561 85591 5540 15790 37199 92915 5045 15628 16116 32028 79015 51551 12431 21379 41006 58355 
9692 14
991 90107 94674 59362 89000 4046 17138 53196 38246 70740 10196 45235 44492 95232 
2959 19
10966 79181 53266 21030 24428 59342 78222 95288 7950 45449 90280 52491 34390 37926 52099 87495 47127 93502 50771 
1601 14
1408 8350 24960 48156 44328 7951 80302 86336 97871 77556 40625 21338 39225 98568 
1910 16
75890 32105 38706 10968 90245 17618 11762 90311 71281 40637 48246 83784 77121 44994 88359 4959 
4855 19
21275 49002 1671 85241 54726 96302 61253 96900 51015 44135 42704 60112 68090 48909 46226 50795 61824 74976 66955 
3605 17
8975 83102 13642 45987 61346 66554 94252 23769 87257 68443 72147 31578 25793 27779 4942 83853 42192 
4660 15
39466 49130 50666 72867 62952 34629 82664 6364 10404 18015 49197 68486 26081 53046 8268 
2375 17
29920 68368 37447 20658 34782 15912 50227 93719 7137 72883 10711 66067 7000 11564 23324 81737 72134 
3145 17
37013 18558 96033 56520 9298 56795 67669 8138 82833 75249 1539 37118 18257 92592 24891 38087 43228 
1065 19
77947 91882 78289 87160 73016 56400 93966 54970 9015 76483 33295 36080 88148 59899 39346 28543 50281 9836 95946 
9772 16
45682 10161 77264 41179 10639 18994 71956 39849 1331 12919 34725 70656 95372 90925 20394 63725 
2608 19
17701 94767 70583 49034 37863 80164 11918 79658 63594 86940 54742 36745 34119 56123 36770 99212 54180 46504 54120 
3883 14
81808 44369 73083 97903 33589 48709 52270 51928 42944 24416 73176 45299 60726 22713 
7099 18
47399 17825 92480 94394 44858 42133 25972 57840 50485 55683 43684 50093 30175 72976 87543 80436 24441 87568 
5200 16
739 17045 73487 16919 38119 46191 66843 3784 60888 98368 90506 28276 60617 58521 59035 60677 
7702 20
44431 44954 69145 29319 42188 22798 10293 23592 68778 77442 95141 8305 84473 89217 57316 45200 81986 9761 5790 129 
1803 20
11354 55820 66257 6187 40407 20220 4746 88812 30171 99296 99959 65450 15430 29714 49557 60834 74092 90642 4666 39287 
3520 17
17340 84153 15055 62718 15549 93530 6933 54409 58047 64111 77097 8184 15673 42699 98266 51922 82462 
1966 16
96754 69105 79121 32503 89946 22877 51362 78308 57809 14222 83275 18759 44201 8523 42289 60672 
5438 13
94553 87397 98 68452 13272 41381 44812 6373 76256 89930 49632 60056 527 
2385 17
59548 32956 516 31141 69049 96413 49303 81722 64820 18518 93376 34520 88792 40289 80895 93991 89783 
4828 19
19797 80928 94398 54907 45350 91043 18825 91838 24457 30359 66981 28147 51609 32776 41459 24202 44288 11114 21408 
5912 16
58401 15943 77245 7871 88435 63121 99381 14229 56772 17694 36075 35156 13665 55233 96622 4145 
4316 19
13342 77513 87587 71294 78639 27151 14926 35146 5208 69061 37870 24007 33788 99961 59990 26179 66447 4950 18902 
9218 11
71906 23172 41448 8590 70639 27311 24201 68963 35538 89612 50339 
3978 18
83202 79777 64383 38070 30858 97688 16539 95845 63814 23535 92462 8031 64152 16469 14252 22060 37725 34379 
3215 16
97697 28626 87224 87041 76153 17979 23408 85996 56506 16565 29694 9127 19258 48973 12289 85233 
1268 17
47798 98037 17914 42468 30239 12045 85192 73816 97669 80268 17540 21854 2779 99819 5787 37784 68325 
7736 15
90159 29918 56439 99773 94907 51154 69643 7897 77480 63164 85917 1616 32385 13898 17270 
3220 16
8620 19603 27113 94160 90438 54555 20613 82464 64952 24106 47995 54061 80587 57394 54112 50392 
2165 19
39897 5751 15537 41707 31359 34551 58770 30023 31140 14905 34105 66297 7075 25994 92114 34557 86229 83067 42089 
2708 17
82422 64931 96552 14008 96343 58419 73774 34517 28024 74184 39506 42940 56282 83932 37677 46311 75651 
9710 16
6781 2326 20296 81390 3434 31160 3849 35928 75325 67212 30201 983 93727 63170 56679 74772 
3557 19
32255 10628 92543 46084 91890 67424 68202 72189 1414 29299 13712 49773 74202 74924 82178 48606 63197 73815 78521 
1824 16
18005 15316 72932 65226 8572 30186 63962 46666 80885 33502 22845 29019 59120 24816 93300 60722 
1529 18
4901 41270 38199 87482 34145 42523 79966 77662 51543 65288 25606 6554 87517 41228 41879 12962 9994 53440 
5169 17
77688 12931 31372 9265 49902 81107 56605 7598 29783 96286 32860 66741 60266 42785 84648 55356 79585 
3301 19
25109 89106 1990 31788 19561 8738 16442 40547 4023 4947 38908 19556 92476 2972 87044 71697 17449 35755 70229 
5583 18
63516 53929 79473 4516 68806 34270 59162 90531 82006 8187 56583 7432 44755 45946 31047 26392 34931 21855 
6960 14
6247 71899 54459 19748 10844 72698 99689 50433 14405 67911 82588 69862 36781 61486 
542 15
98025 90563 98687 53334 56865 77058 77627 15560 88830 12927 45750 85408 60895 33694 35954 
2960 14
34976 12111 55584 43250 87793 81236 86783 45342 50442 51282 57689 73536 63754 93223 
8982 15
59681 66278 22153 5325 61247 20310 76643 64244 86490 87726 39197 79323 80064 89082 60915 
5484 15
66854 59674 41165 65001 22448 97383 27715 50882 72129 34300 37417 13019 34213 30386 43379 
6377 15
59581 9703 51511 8518 38727 27763 67396 27433 79352 9806 87756 53190 56798 19430 66152 
1455 17
49776 84335 83228 42826 26347 28648 12021 18743 57348 39597 21744 1861 29948 49498 19662 75734 69716 
909 18
89774 1692 42366 87173 17502 33171 27663 75877 65927 51278 94417 31093 87262 3975 8163 92502 53707 68062 
2973 17
34945 69762 98433 33853 14497 14362 37616 34494 48717 25017 78862 12163 33642 18578 27393 61101 75883 
9910 15
27326 32944 43973 29210 63854 93810 46506 66884 30943 59231 76814 32962 65676 36877 77649 
9007 20
81262 60182 80618 14445 4163 59658 12347 43561 14134 20795 44806 20561 29593 80807 92554 35901 95500 83338 84699 5882 
7522 18
29767 61301 2928 28974 86221 85693 10837 80038 81844 76845 50272 46514 92297 79079 66881 62507 42465 16835 
7296 14
49203 79028 9476 11285 77828 51538 41134 33372 23355 32866 2547 36981 54115 12073 
5020 12
72364 56306 61717 28296 24078 84053 23908 97385 71679 34753 70976 11335 
7366 17
21410 8121 71278 37221 97508 63615 43530 70600 99933 83223 19856 50284 36123 17681 31079 62596 74171 
4112 17
572 27645 65305 35584 7423 49884 67144 30218 88453 95395 72854 20577 8516 8967 68058 46917 13957 
8749 13
2101 96812 48870 7714 10037 17543 24714 53059 301 61553 65518 62911 12262 
8586 16
9338 57052 91898 23871 62142 63990 21071 99515 34679 72714 48353 95205 72500 97068 72661 10523 
5397 17
53613 46379 25888 53554 78555 3816 98963 53189 54150 71639 27789 5699 77282 94475 90129 15078 73351 
4970 15
54697 16374 93042 92407 1884 57228 64532 86094 25864 65783 50590 22227 23565 78365 29620 
296 16
13112 53679 34006 34131 9523 80421 62489 18247 68972 44461 32470 7083 95246 70315 5286 18353 
7479 17
70357 14401 18725 65444 99231 35496 2043 23819 84395 40981 73378 37020 48569 72613 87337 23657 85975 
9221 19
76388 57012 19985 67088 26344 74554 24514 70487 25306 52725 29873 90500 83297 88825 86722 93774 8245 88738 84026 
3740 18
77835 63558 58495 96736 46351 16097 27039 89604 66815 58097 54151 40681 68795 37086 28429 70126 74579 70845 
7088 19
94375 8412 27637 75544 27839 21222 24928 67545 57061 8631 29514 10166 58188 85703 4075 97301 45307 42986 23859 
1815 17
39778 46231 11472 77584 53452 73409 66241 96408 32932 62223 72567 19271 20432 52911 7803 36287 72742 
2887 17
52250 93017 80591 79304 49005 45836 69447 85251 22640 59569 83250 38765 9226 99720 51033 49829 36666 
456 15
55689 71859 18385 18127 7165 66596 41921 94108 60387 37620 87689 53796 44679 9380 59989 
7424 17
80275 96478 99679 21074 79582 32507 99761 32975 35913 93336 68365 40705 37115 66877 58581 31399 87547 
684 18
76599 59709 47959 96289 89530 3569 18534 62168 77143 76404 29962 7471 6642 90353 78566 17968 75396 63941 
4320 19
22018 18150 77437 64836 72292 33109 38599 830 69719 23979 62707 6675 89483 1680 61953 42132 17619 48582 15289 
9050 18
17366 88577 88542 66215 74653 1448 49814 23599 69708 48854 71952 36869 6413 15685 3889 77321 58266 78140 
8862 18
64911 61951 22413 40222 51933 80888 95974 13733 95484 85213 21263 61649 10058 95183 4895 32601 92624 48111 
8821 14
19272 18327 13529 20679 29246 73000 39946 73360 41558 81453 36554 40983 61562 51076 
6199 17
38996 13104 22032 84358 44224 96845 98086 1336 65281 29741 65090 22697 36955 68499 57607 87878 35333 
8613 19
50683 34227 28574 89288 51849 93189 54571 34023 9037 40149 90998 1713 69355 91488 1234 84969 63359 36244 46159 
9760 17
74169 31786 10930 70395 18717 17563 37745 13954 88970 24160 79470 74916 36057 55041 88640 14682 91632 
2953 18
16549 22626 5542 1125 33749 65556 86686 59967 52164 90514 90341 32942 39674 16562 31856 40676 26084 15777 
4397 17
58227 62566 70596 57816 78149 766 18659 26663 1045 63839 88370 10042 47282 61075 41856 5263 27853 
2701 17
58852 46258 96024 99187 12255 71792 11694 86873 14226 99502 26007 94087 30546 18748 53122 86529 54900 
6342 18
92024 83420 56610 14438 78035 17891 21926 72245 32670 7859 54197 66637 69395 9810 92418 82294 55491 15146 
461 17
39768 37561 36998 43121 42774 47063 88031 33194 79697 47118 8756 47155 47097 50918 19242 50539 83538 
4781 17
94795 22539 31469 58752 2412 82957 91706 94454 33718 79472 81073 18917 59962 59558 51238 73475 51071 
1668 18
80410 44718 9362 36335 24030 55783 58743 67446 45921 46296 40392 71723 97548 21420 77215 17657 54122 77181 
9469 17
31650 99494 43010 35641 11627 33135 78113 31485 30660 4172 39753 90241 47485 8036 81909 24870 38285 
4058 13
46516 84900 55020 29557 53443 46267 56871 62267 7826 17426 7336 50042 27207 
3402 15
24221 72049 27412 26356 27345 11416 90872 46430 7899 81827 36767 16323 10026 75387 51228 
4817 13
73641 94199 42036 89661 86077 69823 15645 30252 54216 71596 88560 48229 11129 
8516 19
37749 7934 52966 40117 71570 97292 52095 98294 74223 12477 8108 44249 98274 91035 75237 47954 69865 46251 78660 
9051 15
59432 78181 28675 36707 13561 94431 78732 81217 62255 90296 5714 29362 20347 13356 49720 
5666 17
99373 64346 99441 57402 15219 98253 35070 37384 43426 7042 84008 57680 51504 99779 61210 78212 16932 
1120 17
23815 56255 97012 46760 40692 88529 2804 95433 32836 41930 32711 19989 77685 16512 76503 89004 25925 
4486 17
32414 2710 98899 58740 32430 92910 85850 84361 15357 62927 89647 88634 7655 32746 64356 66033 3231 
2923 15
9779 64384 54171 49587 3340 19756 20732 51640 17764 89943 87908 78873 84721 87323 9340 
7164 18
16300 88532 51927 46932 93598 11034 51026 11250 1665 26683 11969 92743 59655 89788 4667 1126 32675 43695 
4775 18
39341 78072 85930 63833 80663 3796 51815 56806 27594 18438 44376 82844 76773 46064 22934 24571 75465 40231 
1014 15
62913 33578 74625 67950 21950 76791 30283 41197 77146 7927 27325 74634 65429 46274 37599 
713 17
76825 61069 40408 3566 91155 87028 28713 45387 49475 28565 82198 32643 96448 89016 8217 52742 74248 
4089 17
56486 23728 81364 18207 33144 73720 92034 41204 10863 73313 80200 28599 44781 51237 17923 90666 8625 
7926 14
10129 8243 80345 24277 69405 96734 23307 91739 82307 30372 21307 98060 10932 37555 
1732 17
66346 85095 36969 86390 42712 79532 95742 51465 83200 20354 35228 81321 69460 13456 36844 59602 13721 
6913 17
83790 14559 46107 90774 16714 33046 87433 64705 53882 15183 36458 28372 46861 47134 39853 7138 5856 
1036 15
41086 48263 72525 32080 42501 52614 55088 68330 73575 39091 295 96319 46805 27438 92931 
7072 18
23190 95736 17708 39286 3659 96718 60880 95521 23931 52746 80706 73842 28666 14344 90714 96889 97556 72820 
7985 16
16292 89738 26172 45443 74395 53066 2 70264 92409 13931 87738 55560 16010 33118 56341 80493 
3609 18
29244 17561 60040 7937 78978 55659 6690 273 35257 94112 19745 33045 10344 25198 33616 41244 41608 50417 
6898 17
68687 46127 19711 19334 93921 56252 10582 48988 5914 51119 42588 21362 18225 93878 64743 41135 46833 
5957 18
93648 73285 16118 9519 14059 69655 16538 92937 4178 30236 45400 7362 38263 56863 41798 15857 11601 69754 
7044 18
68706 5434 32077 19378 7181 35737 95244 31924 97215 80696 74382 64793 90484 31676 2768 40101 47887 28427 
5655 17
87254 27569 31623 17713 94210 61881 19140 40980 63330 57935 38466 52915 28850 37951 36539 71214 87381 
4631 17
80045 80217 9577 43970 49982 98260 49649 66446 52408 56132 40434 85608 74390 6866 489 12505 63708 
401 19
76985 17057 5896 76566 56920 13170 58449 2236 4749 45239 13769 26745 61483 75380 48257 37875 88244 86633 20960 
7050 20
53270 13613 34199 40683 37230 11958 63853 85014 79055 21397 54619 37315 66657 45019 57452 39815 41269 35575 6540 84806 
5917 17
95004 27465 26981 22198 49539 65539 61491 62847 67427 44745 61071 43678 84627 80670 27251 75324 8769 
4941 18
23630 30002 5467 65735 7074 44392 61401 65514 67072 24442 3965 12352 20211 10862 75003 33460 96750 55151 
255 17
39570 82915 5672 46524 5944 79059 79133 94892 61948 28377 34142 18475 53204 60046 1534 94936 65354 
9821 19
53120 63208 39547 63571 59651 91297 32324 21714 93674 39084 58818 47720 56717 78544 13743 77756 98068 95071 50004 
4286 18
20151 73082 66223 8873 36066 24471 98587 97766 59139 68748 39682 25702 74607 37881 30247 19737 36134 94078 
2249 16
51140 60533 62091 135 78423 97907 81317 86150 17447 14930 67000 66924 70160 1105 17424 29095 
1049 19
9900 3703 85078 54415 96767 42964 6246 52415 37155 97751 8378 96474 66147 75843 18847 95406 58459 77276 60680 
1561 18
30326 71237 38789 92091 25619 18027 58267 92126 9880 16710 37006 87458 53032 16984 90433 5669 37612 27889 
4193 12
82470 16068 8596 51587 29869 52011 58278 97482 99564 34675 49397 24403 
2359 15
9508 55889 14067 60259 78319 30503 98686 63497 83803 19053 20678 28632 12451 52615 85810 
1298 17
65581 81228 60703 3430 61009 18622 44073 777 27229 17089 61899 71548 42801 78054 91395 20610 75556 
1401 18
21662 36831 32087 99567 40839 88283 25313 59882 89744 35776 650 63603 33765 4430 85309 63672 77727 41249 
4367 15
17724 83811 27337 8973 83027 16329 55056 17410 44992 69318 72896 65627 92503 87161 62775 
7922 18
71172 98150 50517 28021 44733 97664 40713 55821 60934 53090 68941 27539 59814 66895 93038 27402 87544 30135 
6017 17
47062 81823 80407 27909 24947 23138 908 13927 76080 90235 97607 96869 90217 99079 44017 36596 99549 
9421 18
46482 45779 99889 9220 63456 86837 58262 91362 83448 2690 92428 24786 56960 38279 33784 50109 50353 95997 
1486 16
26716 11094 72111 40667 53225 78407 14278 72607 13851 18832 44282 5811 39766 65666 12250 79319 
1705 16
69544 50406 45330 54074 27480 55585 26647 22932 29573 10868 85721 41700 76267 5702 26430 20589 
6133 14
71467 86575 72064 68820 8887 6366 69944 28856 55928 97822 49229 30365 24389 33681 
7601 13
70028 60839 77438 51149 9712 30420 48744 44649 16892 31394 4908 83421 89117 
136 19
59229 89139 44802 13761 40032 91654 56992 80739 30890 62274 59705 58009 96918 71630 26421 98607 43787 13762 82340 
9739 17
68408 75752 59011 52009 65235 47914 62526 18494 83135 5553 1930 94857 67310 50398 49512 5857 75047 
8958 14
35279 63505 37144 60861 406 59386 19992 60567 55120 9150 37090 56082 68824 55618 
1588 17
51817 62772 12455 73895 27446 6186 64328 38411 81941 98187 13277 48737 45472 24869 28684 31691 59422 
3022 19
38872 59416 25983 426 90683 3416 6448 14072 61920 88733 30140 79857 9564 78659 12561 6089 73124 18402 1628 
4863 19
15612 89245 21759 62723 45776 99144 14433 84737 45500 23304 95228 2632 46266 88676 7020 55508 16770 83980 79209 
483 18
82157 22428 31983 6826 28793 72158 55175 96505 76401 64702 95567 13374 60976 33160 35897 85773 23936 32841 
6318 17
74471 44655 43660 21769 49973 44607 64541 36051 44494 41606 91698 53343 24144 38149 4346 25910 5330 
5730 15
24823 17026 97370 15805 99539 7350 37474 63395 21283 34036 97162 5509 67271 69449 91283 
9101 17
6785 64819 86821 19066 58552 77147 37049 50232 82354 48757 81259 29575 21606 10730 45693 53852 72384 
9418 18
91655 20980 69177 78381 62226 43477 76325 73199 92734 67217 39933 74813 38012 90469 23166 6337 94844 31984 
5439 17
96330 74913 60442 49521 86206 69698 75089 24440 11942 80092 20181 10570 86027 92296 62001 838 51725 
1605 16
27546 67683 73338 20077 5860 56570 6332 16775 7431 29276 43937 88548 56505 90702 33567 19402 
6341 16
15046 47705 63048 31193 16889 30680 99801 45482 11775 76234 33842 88964 65179 13191 99253 50354 
4387 19
58918 94306 31932 40894 87709 35950 67898 56953 13442 5374 25562 72096 9395 65472 72884 58327 99666 78543 40262 
379 16
60701 50125 83468 49135 86948 97853 93399 40299 6458 48493 89172 39454 72588 64684 47267 97232 
1855 17
62318 68164 60793 73051 15651 59700 73047 98138 41712 95525 29595 99613 9069 34946 97531 58574 42300 
8858 15
27458 60132 6962 42378 65065 63679 52613 17356 86450 13232 79921 9267 99019 88898 32555 
8283 17
21288 75797 34666 69572 52552 81890 94482 96375 29584 93762 84177 91275 77395 778 93624 75951 13885 
9873 18
75357 71994 34943 83456 4663 31850 12600 61023 45056 31740 95099 69032 69151 46637 786 13861 26306 96284 
425 15
81000 75010 51475 86321 90604 68633 98376 58348 95214 76580 11372 80044 18998 26221 85559 
4589 18
15019 60847 25544 63137 69690 96842 7474 16290 96657 57543 85547 13094 68905 21652 37167 42443 35659 65364 
4145 19
97083 92108 70297 41819 42562 63541 81685 31357 74187 27858 17431 94869 40349 15333 582 85829 46297 47120 74678 
9173 16
65662 55457 1298 63851 58756 92339 56849 83756 90896 325 91665 45032 5107 20583 98386 25082 
3722 13
74617 77650 17420 39803 30831 67561 22645 68679 8250 38383 86539 99809 81754 
7178 17
73537 92943 28941 28205 6418 7190 60660 70644 43564 932 84338 53133 52879 49819 91401 98044 84549 
1071 17
32627 95206 63642 6887 6476 40591 16958 95131 95444 51129 54740 71649 69803 18563 37300 93264 15724 
1551 13
57630 56068 37223 9404 57225 8504 2684 88606 44066 34746 51535 41567 21609 
2013 18
92691 53835 31217 23008 25257 71968 64823 44499 51428 79480 16225 51244 95549 58155 22440 9792 64668 41015 
201 13
36432 22782 41939 71461 45238 55418 16015 71506 97865 43702 59402 37292 10122 
245 17
12185 19063 26545 49980 74282 42277 9366 35988 85377 13505 21775 43905 33358 95513 21579 93787 82311 
6500 18
25719 2890 11085 98012 73916 9035 96711 78351 18749 53992 23687 72995 4401 45027 99291 20652 73215 41780 
5344 15
98424 30122 98052 35267 900 75513 29585 96473 68654 19443 36148 57290 44429 78143 11734 
4973 15
34759 46803 66349 65988 77469 63538 91514 68543 80425 40476 5097 90326 57249 48542 98546 
1397 18
17529 14265 45733 50055 56640 83582 1422 62582 13136 29597 11232 73566 80506 18788 92248 95221 66665 36689 
8838 18
49997 49823 86787 68940 59702 2151 83446 46113 65952 1276 4993 7292 90146 44964 13303 68477 2611 85036 
8492 19
17683 50772 97644 559 1799 16249 51312 68276 55838 80257 52401 17689 23108 42043 9358 95341 55423 35518 48367 
2144 12
7776 62673 39234 65933 40437 18220 2623 37470 36485 59023 83373 8888 
537 18
81853 27234 39709 25397 98577 14282 26854 30595 85228 86922 51889 76734 91758 17842 15699 2473 98569 81581 
5352 18
88351 41030 17964 98738 59949 21095 25045 5795 90614 68770 2262 55325 97559 78988 34744 66857 59355 4535 
6940 16
69993 27468 24199 57710 73925 39870 85883 42102 79244 9446 6553 26739 58983 59466 39164 60078 
6763 16
75245 41581 36512 91995 77733 47378 91707 50751 40343 34547 84762 79299 33409 65348 39160 50338 
1778 13
8363 18335 44766 98875 51003 37771 18685 68698 57572 7926 71627 14180 97633 
7120 13
92811 52987 81466 78578 55580 49243 86758 84236 98211 19466 32987 58277 46518 
9323 14
56664 58795 64935 94495 74911 89145 48421 59722 83574 75862 56860 91919 96985 79555 
2607 17
59797 66276 68756 50563 60773 20853 19986 26259 48538 21475 79583 74969 41352 14038 80190 19021 52364 
7319 18
11146 36076 40708 67527 80990 78769 33150 21368 85819 28268 54509 71989 95178 88900 40709 84244 10583 36314 
7243 16
30369 27950 76394 57434 83823 91025 50394 11852 60513 77263 43122 36003 42008 92712 41457 50324 
2052 20
13676 51552 9028 23868 35474 24808 47943 81526 9021 17373 19915 67938 79375 67046 51723 41650 90795 23671 4242 3675 
4051 16
80213 29030 33682 40497 1372 62246 65163 53869 98700 80069 68216 5515 8125 9620 17333 35248 
5444 16
10256 61132 20854 3652 18930 84560 98166 48021 6503 49271 18787 2622 53417 33361 65462 48914 
5159 14
48536 66428 72289 33771 91427 28051 53252 44456 96577 18426 68138 35207 60365 21122 
2954 13
70287 43645 99236 54611 77838 40455 50849 8866 18793 16431 15405 91776 60427 
3340 17
89643 82696 96673 54815 23964 77225 8177 76201 37866 7453 31484 66710 34884 64382 45755 46621 33191 
9431 17
52589 54312 66093 72948 99710 56225 59627 86009 20445 29574 92356 20072 9232 15629 50933 86163 54152 
8374 16
34529 23392 61291 30673 81036 3224 18178 66551 78921 40208 14795 25927 52819 42072 34899 36979 
7256 15
33739 25935 24119 41554 8926 65158 10760 50095 5014 86858 65334 36733 12778 25048 2354 
5403 13
6510 7098 35235 27414 91840 15504 5304 96194 57799 51696 42005 21780 15278 
7869 17
23714 62892 38105 42863 62230 42010 23022 2088 29222 52757 5620 31536 19458 79648 21874 17469 81064 
9286 18
26395 50225 86477 26962 87900 66849 44411 43336 11219 12145 5441 4490 4073 27276 91755 61292 78822 99937 
854 17
41186 99670 68050 41059 24645 70000 20317 22817 81781 38894 59807 59064 78498 30572 5310 95779 59377 
8409 16
82810 70955 19868 16772 56398 10599 64630 30021 69191 38887 98392 38604 65606 59291 86197 66290 
6956 19
23222 12022 24652 96357 51299 69003 51266 91610 39583 9618 35034 65207 17917 41029 4121 51478 53783 44889 95428 
2761 18
63322 51499 76196 23168 66730 35400 17870 43486 75348 51639 99504 41063 47506 87746 13609 24111 94016 32886 
1318 19
30334 99962 14868 53550 80494 57100 10334 95654 98679 61901 55870 81761 31460 29097 44748 97398 33648 49411 82763 
3483 18
90279 42098 11010 87119 51336 82304 72828 94901 909 87024 94004 30642 18848 91934 88637 38455 69536 1098 
949 20
85340 66774 85625 99103 51721 70208 16433 81237 96095 35429 22710 46937 29480 27370 44036 8189 75318 86022 34020 83829 
6029 19
85567 90447 48449 75020 96859 93137 9711 19924 93439 11396 15123 6174 20803 86811 88249 55830 83667 83137 3780 
5966 15
49097 54755 19845 83074 13419 31161 68638 84774 24337 37855 87237 52220 27856 71086 32717 
6665 15
94640 35658 78328 60207 88816 50515 21582 31325 96148 67942 14148 49364 20270 15422 90309 
4071 17
1247 94424 74335 27163 46286 98312 79811 90802 17754 74907 9579 87110 97270 78278 53820 2580 68396 
8356 13
58054 91403 8343 3504 53666 80143 24481 61278 7053 85020 25656 42471 22097 
6427 18
58856 62995 52416 2848 25164 83845 76053 8433 19623 57032 19349 51994 48473 93618 434 27721 29195 74901 
5233 15
16523 55260 55282 97031 47707 1232 25607 93476 68560 84401 59516 88677 78256 33531 44879 
281 19
77402 47053 81944 13010 22164 20667 59726 89640 43663 77729 1500 90495 48546 55156 39299 10581 70653 43427 71018 
2519 15
62060 64646 1451 75849 73603 19181 53276 47709 59337 86829 48564 41871 16126 48554 80311 
5313 16
18388 31866 9801 53210 80434 74021 60437 69937 25944 84725 25581 145 82066 50286 74841 20380 
2023 18
44072 19183 89505 14117 10811 4709 71120 68558 25754 68773 65821 32472 80121 3966 64230 17888 96004 16809 
5481 17
92815 22218 6010 99293 32190 91537 11602 27096 73486 87430 77802 35425 32556 64489 76109 60798 63430 
3423 14
76678 33003 62122 39312 39192 82192 48157 27132 88752 58117 26412 25385 75475 84195 
5664 18
90558 48407 99451 46966 62042 59453 89379 79939 64089 71750 23238 56387 74449 23990 26666 47216 35355 6082 
5006 16
54408 54828 50106 21514 30427 91079 53649 6050 25614 12938 18289 57867 64415 76702 35815 39830 
2497 14
65230 17597 10644 80191 81091 30941 41298 89009 2357 95546 66535 33888 86828 11387 
7727 16
68591 17593 29801 91238 64528 56360 55257 4853 89355 92711 29373 10655 87259 13749 65973 29875 
9420 15
70380 34552 26102 42389 59462 49022 85528 55072 58999 54466 41226 23300 93952 698 5949 
1812 19
89310 81393 52135 40192 89741 97811 38890 66766 85113 78702 53322 87752 86931 87679 65584 26813 54479 78892 52496 
2995 14
21413 74081 34544 52146 9318 19261 18246 57138 30202 52134 19577 30414 84242 5274 
9951 18
30746 79279 99083 23612 51430 29724 93979 49895 30497 64155 77165 50703 15113 59129 75166 50730 6896 83863 
2161 13
85231 60933 8541 77726 35535 42313 79403 33316 54735 11177 27813 90603 29731 
6594 14
50315 54261 23659 31640 23273 87680 56405 86297 84968 83086 28837 78452 62447 67175 
4106 14
20739 30996 4571 44682 28660 60014 45631 84662 91470 62699 32081 10172 8488 45410 
6327 18
75885 69984 28670 17312 13024 29164 30559 4165 54813 85312 81507 30031 18304 49531 20231 97058 44738 17976 
5337 15
35646 73977 64465 76649 64741 78638 44852 25542 89207 91595 62762 39789 85424 83241 24497 
6481 16
47001 63549 14720 38835 97550 46228 62572 44018 95828 72894 27742 25419 46836 37282 27942 93625 
8493 17
46929 67179 52495 64870 51494 33816 98137 28829 38151 11529 46814 39706 58613 82670 49013 19203 95865 
8642 18
57282 55907 35326 73628 24376 84091 94145 6597 13987 87733 74503 79253 62339 18130 48531 51920 19957 99333 
4431 16
55114 28784 60032 63847 17664 91132 86464 74076 27275 18859 41337 55444 45797 79125 57498 38796 
363 15
31948 37433 80368 11267 97712 78075 96606 42838 90068 53736 82794 65294 33729 40487 66598 
3591 18
74472 78294 24699 36412 43479 82769 69047 27866 58816 83310 35134 47889 41652 86139 85637 7495 75978 31468 
9829 17
56041 83501 86822 88487 64120 77453 20136 75869 3990 21391 97558 32779 67231 11205 47315 51779 70861 
1390 16
34984 16486 93172 42695 27045 91844 10923 52498 44031 77440 77629 21207 73468 54901 36942 16117 
3566 18
99332 23447 34244 21913 41308 87341 96537 83078 38042 3879 94099 95612 23914 917 82110 46784 36185 45854 
892 14
29306 83271 59479 20037 52872 69377 98953 75139 13088 87443 51822 90487 51096 42250 
6859 14
46345 96771 8746 62573 36388 85409 63595 61742 55716 64498 58121 22568 80638 59782 
4637 18
63609 28299 26142 46712 95262 16353 59528 50684 78679 72198 48895 96659 67409 54237 89342 58115 89102 20123 
5175 12
34740 886 70139 29872 12890 62499 81030 74994 51604 31419 57263 6659 
7197 17
33752 79354 40527 45087 9789 60373 57881 35493 57825 50884 22905 29183 47711 32052 85002 23852 17486 
9139 16
64792 72003 42268 33621 9723 95334 92274 10873 71303 14898 6884 58246 23623 87919 84966 93889 
5830 18
60649 78489 12702 23539 13259 72476 72903 38494 66515 78890 24291 6634 69900 66499 72095 48468 88894 19095 
2868 17
97267 93229 13782 28241 26426 62894 50956 14901 82584 77889 13959 58064 64559 74618 68021 16062 97707 
2957 19
86534 61837 54493 55932 85993 47661 92555 23816 30778 58996 9027 92453 65272 7117 98914 14432 32919 53080 54888 
6702 17
32460 89309 25794 18442 19296 36390 25065 65657 45821 46273 75983 76843 41999 8808 81785 93166 50753 
8654 15
8283 73803 11386 87588 95879 83828 59438 93649 28178 5419 43786 86537 45237 95915 1226 
7739 14
11215 42148 58625 67403 93056 43944 18705 19893 35185 34932 20740 17861 91052 14132 
5173 13
38361 24828 48565 99749 45825 46987 38728 72990 24304 28708 86399 55724 78571 
2588 13
46129 67425 10948 17087 50077 26096 38710 6983 74145 15486 19972 31487 73187 
1606 19
70957 22806 70198 14572 16695 443 89988 87052 82204 70712 74681 81083 60313 73298 5223 92791 93400 81745 95307 
7602 19
19354 16194 57756 55866 51179 92992 68971 35322 8564 73009 69532 35406 93420 84010 24569 66308 62940 46366 20107 
8522 14
17286 18228 47135 47679 69732 93729 19716 42883 83545 28243 38803 6607 48633 87599 
805 12
11921 94485 77582 50790 63022 47300 72013 44657 97775 50852 87849 27115 
3840 15
96164 16237 5334 57288 77180 16075 82945 78316 22963 81718 85873 35383 99721 87178 21985 
7645 14
54916 5565 16202 10327 80297 74489 11713 51951 98631 91775 7549 33181 38206 28757 
1485 19
50290 45290 63188 17274 91393 47028 68201 68523 1268 74662 18868 76026 22952 56084 4679 33775 9283 87854 55995 
5147 15
22453 7494 53547 25915 72544 76297 35705 62803 3587 11510 88450 98183 5397 4505 72695 
3491 18
83403 16186 36976 24849 92693 52272 84838 24919 87251 81078 49651 52810 19591 751 55230 74566 39672 77477 
837 15
54275 75340 8202 17330 60181 63424 51871 77 21657 4961 33419 43033 31301 82321 61215 
7287 15
31985 35972 9724 70999 91452 56179 31373 51665 12943 47716 53773 67875 18785 73935 41289 
9974 16
84938 36531 67287 38381 3130 98977 65344 74953 97944 92066 90364 44834 40907 79498 99437 98201 
9926 17
88696 93284 90990 60362 71798 78372 47992 61502 56215 85636 31119 84581 64989 28125 81947 96756 51440 
7350 18
92488 27668 79338 60368 90188 38172 94330 20649 55469 4297 98671 54143 89478 26527 95775 20851 96541 87115 
9986 15
48409 4568 27290 7492 13568 11635 92716 18829 59227 3996 67087 53312 70134 48586 85635 
8759 17
16022 62324 82684 36112 8005 500 99128 95389 82995 59325 61957 31443 73987 49661 27489 9231 40249 
3092 18
56358 18211 77378 41758 28130 30594 53688 43220 52121 52667 31908 30153 97590 45266 68998 61478 76547 85027 
7274 16
28536 41077 99322 56897 11288 15416 67335 98846 79949 97279 65962 56510 77659 70856 37253 37224 
3258 14
30095 45434 57657 54329 95274 99284 71469 63097 12543 48024 4559 29180 77319 40100 
3844 20
22443 73669 86247 81936 77980 77212 16535 47994 27198 57808 48097 45800 99259 63905 74506 29882 56014 28254 9553 23640 
2754 17
98693 4700 71756 52108 65435 63882 64367 86571 60594 64036 51675 69218 81834 65303 35310 70011 47424 
7038 14
61179 99644 64379 87874 80352 22970 34793 74706 3068 11272 70019 43484 16268 19777 
7407 16
71967 84012 99915 65910 88573 17054 56070 58136 75113 18397 5091 72956 90246 64217 46170 41471 
7747 15
83130 59915 75420 71937 38767 48522 8911 42904 96160 86558 38585 63041 25528 23214 86636 
8705 16
90488 10597 95673 30052 32535 92879 76391 6164 24516 36907 60599 82756 90814 96945 38588 78570 
1002 16
64128 51557 43863 53213 49726 79194 45978 38278 38792 19564 61038 9968 27661 28160 29363 75761 
1222 16
18914 31943 47746 77507 76095 25850 6691 66617 13764 40964 75639 83967 78527 49871 45088 66597 
8679 14
59905 22541 53446 4751 72105 11756 72708 8456 80923 84389 95335 9977 69152 80286 
5697 18
46481 70873 31031 87577 60488 1121 55750 95299 20694 22237 66684 80194 87279 71978 24566 85458 15736 64853 
8177 18
86465 62193 37076 18057 27778 61129 12332 45970 34772 72882 12082 87722 47292 19949 68303 41349 30779 42461 
3955 15
87897 21941 21980 96437 13169 6022 48803 88248 62354 77965 63838 9607 38251 20670 48400 
5525 16
28392 73677 985 25763 3297 53555 93457 9905 2694 75965 60775 37553 77308 51593 64360 91800 
9488 19
35734 65239 48457 15888 28230 54925 88831 46060 38918 84273 29148 6478 68383 56445 83841 64962 69093 2066 65138 
6568 15
56609 15778 62870 15107 82393 67360 48044 95390 47901 77119 24258 73865 97611 53979 40682 
7431 18
47840 56813 87510 77423 95171 38561 23043 40587 51785 24824 20654 48338 87278 73926 49009 44971 98460 96441 
3038 17
77961 87132 35781 39108 74535 39175 6670 78023 15187 77621 54771 6021 42724 15116 83715 87299 88556 
2631 18
28844 95646 53154 27196 41551 48846 91910 65968 46628 98470 51443 72913 92325 86463 39248 63405 11334 30747 
9487 19
24335 64606 62805 32525 32426 98040 76083 26750 6038 75819 54543 30970 32950 2958 75389 35812 72923 9282 52169 
5869 17
84992 54390 59403 45920 37696 18265 72179 47200 78797 75846 45573 77755 7472 81444 85130 30653 58798 
3130 13
88641 23567 56914 21113 79652 92289 51923 61595 31519 82904 71423 16468 59713 
3761 18
11607 51684 32960 9296 41286 97569 36152 58738 39340 55676 68579 6914 69288 68646 88316 89142 95687 18111 
2950 17
6025 33043 81137 20163 83459 42157 470 56749 63046 2368 40220 8942 7142 45889 60688 85026 51902 
8418 16
68833 76548 17267 25789 28388 8082 1664 25479 38645 8393 66233 45466 68812 72681 66298 13143 
4498 16
7132 64072 93709 55528 68430 68350 54017 55725 61790 69116 94147 49324 9013 56630 97018 29571 
6084 17
49700 80020 41715 91466 40142 69840 81884 21830 70603 37595 29120 5947 24662 75328 34816 26978 82735 
9343 16
31442 89605 39754 58607 90859 66649 38930 80693 5042 38880 78076 58704 42715 34356 37151 82896 
2632 14
58992 63572 45380 33741 84222 55553 15425 69919 17173 83070 70290 32822 33928 19336 
7908 17
44321 44520 30794 34104 76460 49429 25304 34323 59497 44876 50020 27706 60343 90029 28502 51800 97239 
4893 12
28005 30989 75560 30105 93129 56984 77511 45773 96674 37160 4774 29853 
3332 15
30169 63645 73810 593 72357 73058 3573 78352 42943 61457 59005 89618 14419 70415 12783 
679 17
8937 76598 98826 5008 10728 38913 39950 5442 1380 85535 63537 38440 56499 66304 28064 42288 93904 
3771 14
25515 37818 50067 29084 52795 91814 76040 68262 88728 61793 82940 36790 17287 84474 
5111 16
34854 13660 24228 79799 64133 21588 47676 73111 40096 80048 40015 2597 89090 64271 10991 34937 
7795 16
48028 24045 88793 29411 11089 68584 72925 45435 62218 72844 18398 49230 26897 65994 75754 65132 
6708 15
33847 37840 46731 41018 3164 13767 74189 77942 65529 51954 49812 68926 4332 25097 60358 
5878 16
69799 98054 26382 66952 54676 31596 99054 40835 77185 59590 74694 560 37761 84287 3227 9243 
8540 15
18443 79081 6855 8706 26265 56709 72970 76142 45067 44182 96522 81486 7705 244 22852 
8853 16
6932 62386 3225 5587 65419 45280 41409 91871 96705 52322 45558 363 93644 51409 32161 65909 
8057 17
62039 73845 27834 46525 52202 58594 49102 71225 48790 29431 70917 85934 64264 35020 23347 68241 57367 
886 19
58244 96329 56359 50608 1077 95729 59837 74639 99355 73724 39817 22617 46596 82062 99704 8700 31949 18089 87083 
2305 19
71856 41775 13779 51651 34646 97576 68432 68312 74346 42829 8465 15683 75993 38883 29152 67030 75577 29008 65640 
2655 20
57456 69053 78284 5767 89725 80016 90550 55319 79903 20397 81355 33581 83632 64957 16138 46808 68865 29910 84924 18033 
358 13
99987 72306 13196 74558 69733 92882 26921 25027 61764 82429 24525 80552 17648 
7533 19
22825 20309 49380 50358 12511 37097 32632 52756 46742 54296 52024 95154 70435 43745 69426 43403 61163 87845 45926 
2800 16
77910 56100 12913 39203 5862 90568 95150 54667 56015 97105 99798 30445 8644 15279 35165 76622 
5832 16
30491 11230 29541 89442 55845 94280 81362 47628 35128 88401 96715 71492 41880 34345 26420 10779 
5989 17
57364 68220 46964 69041 40063 97000 24230 99033 12405 44621 94712 39514 80697 3142 9030 62547 35174 
1492 18
19638 70166 85652 65481 84349 65626 43939 56758 38993 75541 13563 52358 30988 92549 77029 32637 42748 71838 
9467 18
39303 66786 53328 6583 9160 51019 39592 96825 90682 16008 71187 91860 96722 86572 24454 45658 56654 20302 
2531 17
29046 73767 68589 98969 56128 88539 29739 71077 21480 9908 83089 17981 73686 45891 17766 12755 82193 
184 16
33542 80850 64993 69535 30330 66491 29786 33259 31799 56326 71043 34924 98043 33146 19888 40236 
2097 16
71974 13950 4479 36914 56512 59220 12344 99396 58614 70408 55915 30639 19472 72902 35119 84576 
5608 18
55890 27604 47547 80381 83487 77152 95222 91541 5011 66487 77270 88551 25460 31736 81161 19034 31023 77010 
8896 17
57153 96932 9647 31074 20100 69415 38522 97426 32486 95375 82346 80737 45229 76707 48716 83277 9218 
1906 16
10481 49715 26068 28221 4114 57508 33200 12108 56452 71320 94019 39267 41627 12547 47343 75392 
7920 17
77123 88474 39962 74158 73462 82750 9604 32889 808 5772 13218 16447 22341 77008 12732 89857 42019 
7089 16
34870 11262 85517 3028 55925 22833 76058 83525 85957 31087 98515 17002 96454 43482 93726 32113 
2836 15
87463 15635 36783 97073 19216 92523 39257 97490 62614 2022 53922 52889 76217 60503 16876 
9913 13
86317 34662 73854 54421 74864 11524 96531 44924 36752 93744 79315 26746 6464 
9083 16
86690 83084 61835 88035 40282 6584 43505 42921 73373 87954 59202 56694 95793 44722 83883 64502 
9095 14
75822 3621 72812 18313 37934 86290 12473 93109 49484 14246 17192 86613 92928 20395 
8580 16
98908 67873 71742 88493 86452 59259 82671 87049 29500 29915 61599 99132 64737 81463 38210 75412 
5105 13
63294 86497 25937 43384 62790 58870 11408 66158 5269 43200 23803 41571 33920 
8834 19
27790 26969 32461 94166 47838 28952 15140 20112 94079 24810 57592 17043 29971 73288 27208 66250 80124 69488 47536 
8085 14
4954 97376 81805 55989 19725 92916 58823 75703 75493 98690 87050 79086 66731 31991 
7536 16
10503 95902 87718 35450 98889 79130 96573 58226 61391 26634 13087 51572 29614 81698 13067 22678 
7225 15
73600 47987 45480 14124 75726 63591 38174 3716 39801 71984 47729 71888 19301 56892 8943 
2468 18
67246 15132 59586 22455 55111 6745 76499 71515 58641 58943 82367 92160 64188 4270 97638 75860 44075 84408 
5760 15
36200 35401 58642 25516 31579 69294 28307 10971 56581 3841 44614 32273 1536 63832 27303 
7687 18
79820 56716 63581 77306 45992 77380 85887 77848 53347 21087 21971 82606 24026 40779 13022 47725 21138 73637 
371 14
48248 62569 12359 76661 368 76161 4481 97230 78025 95536 49930 48435 10165 59367 
3063 16
71131 16819 52035 57019 43432 7979 15679 26109 29483 87962 43560 51724 79992 75859 90970 69816 
2446 13
7088 9049 9331 16604 665 57737 30018 16820 72180 31139 91203 50706 70857 
7588 13
13340 69406 85330 21726 92177 99026 99210 91954 86414 76625 12516 96929 77317 
9534 17
69664 94191 812 93040 26956 59041 57504 29539 9067 52139 78748 78828 43216 21698 57427 85611 53740 
4646 18
64540 30050 57217 74853 8376 87555 47445 36223 73883 61007 99991 61592 21572 89107 37218 89958 94651 52237 
5044 19
75461 95696 35396 68627 52869 31816 46512 25684 81268 43088 27376 54043 61145 25110 91104 22530 31022 19821 14489 
5461 19
21446 52004 78676 98529 75345 75103 14409 95694 50257 13949 88485 70664 81599 92474 367 84923 72238 16859 4625 
8771 17
50238 26404 22333 59328 34343 76464 37487 25658 3611 58796 37824 51293 65416 5528 30804 85921 45323 
6741 16
72490 2793 75653 54057 67631 72195 35352 50053 9936 65519 62404 4192 97324 65020 87355 88928 
3320 17
29761 29547 74031 34399 89313 48480 2011 70630 90812 11026 91490 30588 20553 7118 91773 41739 1967 
239 15
71350 73369 70868 72392 9766 98361 82499 1599 18522 41516 89876 18200 37133 49031 12443 
4411 13
17257 26302 41736 63625 24844 8582 43652 92559 24141 72159 2758 40128 78071 
1448 14
89811 53233 91418 45379 95566 14370 97191 46160 88725 92889 88507 45990 61385 52876 
9128 13
26264 20291 77778 14032 6199 22056 76510 50738 59735 41170 90595 43449 88368 
6915 11
65488 39955 36036 74797 94434 5398 42644 29988 85197 71522 85422 
1864 13
30623 34568 78112 80808 46864 18625 94551 54703 96511 52248 22717 43957 33943 
9423 13
36085 22882 45286 49658 90895 87100 54992 5340 29518 73513 36838 23440 12736 
8917 13
32911 3456 38007 42526 18745 65614 10177 40941 61097 22365 60134 39083 6604 
1161 10
41509 24904 17614 57095 31630 50715 83258 35684 47289 6615 
8758 17
13373 66675 45583 57507 17985 77120 18403 74958 51760 95727 5445 88026 60299 49244 24925 68057 36492 
9610 14
26024 15889 72458 73708 51124 99410 59639 7226 82028 46899 81281 94445 8256 61799 
7819 18
47416 71839 88097 42215 89224 8183 21414 86747 20549 60221 53006 39170 32704 86604 1367 37514 58040 85469 
6772 13
95671 19919 86445 24112 75938 62509 23500 45113 88834 90050 95512 46842 68161 
350 11
63551 16689 4757 28363 2565 10810 43238 77936 8204 39345 34408 
6063 17
54575 67622 67848 78200 9552 95598 96428 79788 1266 85987 48962 36058 66962 28199 5828 91877 50947 
555 15
79265 57518 37310 22635 29340 29929 67932 11256 35007 81758 83947 13054 26049 52206 52560 
7327 13
97546 91198 10089 2444 66385 62968 5377 72011 85856 7209 89861 69788 23059 
1634 13
75776 5282 2981 36241 69902 18305 15323 87092 24468 48779 774 57740 42058 
9255 12
80757 17705 54473 14871 40739 1875 29485 19731 33025 69499 87929 10121 
7791 15
23942 54133 35109 83007 41427 87331 49959 87958 48237 26638 84014 32187 91641 81874 93181 
3953 17
5704 78057 66720 54495 88667 95826 11603 32155 95955 64015 64680 38261 15550 80813 28280 19290 8169 
3124 14
99244 31431 99456 1683 57835 79809 42065 11593 4303 89360 88888 45851 24803 7441 
8149 10
16863 79950 87508 71560 59349 39297 11281 46288 42728 88199 
9092 12
27133 70866 39395 52279 14736 59636 33002 43902 83350 61446 50047 14305 
1760 8
5901 39132 49620 14830 22422 40929 58487 28953 
6754 12
48874 16462 73946 69574 57188 6136 64971 54195 47046 9716 60674 38055 
2006 12
94498 96323 16873 3964 20664 88446 79411 27157 42790 96719 75657 42447 
6241 15
25240 54471 21600 74814 40351 66575 48146 12416 61451 13562 66639 98014 31889 86442 88617 
18 11
52395 75224 35169 98878 64396 56601 55842 73308 69057 29586 74997 
3938 10
83826 75092 43547 68684 92820 70893 38662 16110 59885 12180 
8279 10
63029 11213 73237 96414 98543 32039 79437 63624 82502 24737 
122 9
89613 22078 37843 98090 47800 78834 70053 13385 55902 
2380 11
42369 37395 29106 12664 65802 90457 11550 83028 6118 96137 75099 
4460 16
76084 82131 56836 43208 51201 95798 36327 54694 35789 42973 12804 69675 25169 98425 8319 96436 
53 8
19871 45897 1061 70968 67042 56156 61098 42293 
198 11
36870 79943 11316 19029 46140 9872 42091 40934 37953 64023 38878 
7305 10
23444 89141 17735 27769 569 31000 71052 41276 16103 80227 
5134 12
91032 41345 78271 73307 68890 41570 6727 98153 79664 97582 10421 62796 
650 10
88226 26135 68353 59551 68345 60100 18275 44740 61008 78383 
8617 9
27336 12078 27070 53656 58113 96366 24555 73616 62826 
9566 10
52477 57624 65721 48216 76358 44518 60741 85657 3302 41865 
111 11
70445 38153 20320 15253 61427 1559 40466 79430 8792 78382 97759 
7989 8
31099 46874 12877 34694 46347 39418 33147 4181 
8490 13
12447 48919 72199 50163 75442 52199 6067 82276 6575 74268 5462 1738 11887 
1549 11
52239 47431 78457 39536 92602 36648 5245 52007 61854 98461 25013 
2346 9
90784 22001 38852 62638 5214 75265 33916 90132 2355 
1023 11
9084 10828 97098 27354 97587 89160 61112 55186 99039 43370 30515 
2863 9
58684 99870 11046 70638 855 51663 30562 19056 72313 
2732 10
98643 34513 17453 48868 58308 61549 12612 45352 30026 16158 
9927 8
62049 74206 25242 6861 6495 87095 75180 79254 
1004 11
87426 7509 2399 71234 62479 24346 19231 71759 40950 77426 99535 
1559 13
48838 83093 90715 51878 52328 13735 44809 57844 91615 49428 21448 94008 32310 
1800 11
62554 51532 24025 39404 31341 97417 88329 62440 75484 37546 81760 
2882 9
6626 34082 78934 24478 34255 48828 54090 130 65860 
479 11
65438 31568 15780 13011 90023 95650 77731 9176 95716 4191 15992 
806 11
68168 71891 43442 81762 93536 43249 77280 59283 25022 2074 82846 
4059 9
95569 88056 12229 19054 3166 23918 50230 86716 36425 
115 9
76397 58775 15264 96238 99249 50746 55235 5443 60419 
587 11
14665 73207 55872 43069 53810 56129 5159 79343 80208 89899 9451 
6129 7
76567 10774 85677 14224 43174 60913 95606 
