1000
1711646392 -873258121
23385874 -1597600391
1216435414 231753206
2133175721 -2068228572
-455316281 874874773
-1139016224 -714266301
1292051752 19510463
1971439926 864814493
2107378936 643379776
555949567 -393395270
-262750090 1231694644
1734028702 1366409293
1611399383 -512642428
1277192438 763699740
-203389502 481804473
340661761 -1278598637
1487573114 588107877
-723635327 2074521219
-1190503827 651541979
936114237 -747301504
921428394 1268533844
859942701 1324978700
-1191434128 332690443
1535603093 1200990020
1222657090 1986456314
665123552 -1632135376
-629334375 -97426519
1439087450 348878880
498603741 2084721633
-801455119 -460543647
1777352369 -945968748
-846955721 1749301423
-1521930813 -1924112235
1636477354 -1198198318
1887929235 584014187
848294230 362287399
1621099738 1007966376
-844212499 504889255
816670909 -1552683690
1311860132 271045255
-1955767000 -1213571828
-1865624908 522347487
-1576520099 1164333957
832024199 -1841169659
1062026121 -965905385
844486306 591863039
-197598261 -898536292
284940506 1878504022
-612077948 357256595
2040349748 844596612
829652006 2131129117
-1278537080 -1272789810
-1682837061 -83028745
1747381520 1713812645
-1842735848 -454080239
-490544251 1380821090
563124723 1404331314
771398990 1830525566
-300497855 -1310674433
2114661954 -626551048
-1983785887 -291937801
-1649694526 -912529346
418378927 -1219957344
180427067 -1113989006
486247074 -441917723
-908905575 1702429646
1633105350 -1534037103
-13382401 -82698417
1785246877 -315625779
815679871 -1330201128
-1836021592 -1296590533
1900776081 78446154
347380966 170653957
-885993122 1402580106
2000890720 -676940440
1062479086 503685310
-2032658999 1117212128
1688226222 -1956540184
330404719 -1202781237
1294907951 366796289
405510651 2040485728
-2047763828 -2113256533
-1707017044 955879375
638439107 1315045481
826025419 -1921392374
919343226 -1693352082
-658315429 -1930227578
2051774354 -924004547
-1664242485 -814046672
382832376 230958905
-1193701392 -1431012532
-973235353 -619786732
-1546121668 1234292970
1120503465 -1617443275
-87734972 944299107
251784972 -783435070
2067676959 2015545578
-489886152 150780540
-877146477 368526611
189403703 -825406260
-2070171451 -1163157468
-2136586991 1120164735
-1394805990 1061274766
72037238 1799339408
2032898241 -169703630
-1626255041 -613960993
-1899858635 1015636977
-1183297253 -778968766
-651473057 1677204555
-202869343 1276690145
829517582 -1400153218
-2017757795 266667565
-1944994302 -40641358
1938032713 1218117760
2036334512 1358548821
-2024517487 1423175726
585101627 -990057326
-882978847 1245377093
-1217784368 -445132715
950233986 -1556354234
471318088 1044568312
595294681 994378421
1044676369 -1737311504
-40143580 -357085060
1674578448 1145497596
632768385 861293324
373558897 -1481660709
148300166 293230970
-484838268 2099439678
-428900795 -2036200195
1132401258 -1129906013
-1709622822 1197877433
1748379307 -1452543240
620649106 708064673
-1914408051 381694975
-1304073164 -529757017
-1550681330 1433038075
1702954459 696074509
318409668 127425360
-978108868 -1783930919
1727614730 458780447
-2114826477 1624255213
1841436105 -1486552947
375196842 -437482018
-1927868538 -1895281648
958569955 -301439886
-523261266 -727242836
1035896637 1718443377
-216998372 1836310394
444036452 500422615
-2082849429 -76453385
351382007 -39167066
1212701163 -1014285530
1330480834 -1616484949
-283931674 -204290848
1502956802 1498350678
-1191712058 -1473442546
2043984606 475029774
260001515 -608985538
-1560405135 2060612665
-176886835 -2045824280
-972055055 -1473259560
-203819140 2125779954
779352850 -402594951
446525425 852006145
-1518627306 1443626010
465810681 -143682075
-1380279864 1645164226
720123177 1567857347
109514993 -1562404287
-1626141491 433051703
-1437234682 -252041506
352318417 288718875
980467377 -1364571294
1968703732 -1934546007
498504440 2109057287
-465013825 -382129451
-1867684306 -724915651
184895454 -1623161006
-1628879842 -667604918
175610643 1395951750
992629313 912735462
-2115745167 -283540903
-845018884 -748088148
1867438818 705373173
405071951 -1432174014
-938075354 172849547
-1332189887 -491981428
-63121858 -1420623175
-1663286744 -1775278222
1041989254 -1179190649
-1049092376 -277003403
44175409 1852171193
-1699923147 -1745002415
376727098 -333084083
1182669389 1521059535
1211363919 647299107
-893761937 -2086679241
522264762 -1758404438
1723194284 1881571706
-1020658035 1753441055
-257610161 -1259900072
-2081513933 -607526166
-908194479 1436866521
568381464 -908182469
2047073286 714617012
2010163335 -1531145948
-2074888518 -20924417
2133223237 641081202
-1593595862 960614056
-822090326 1509521073
-1025715105 873459123
805478885 2034215144
-1740036012 -161203931
-1632872362 418647209
-897055664 -195684275
-660089590 2019417995
-1790042185 -1783046263
2006576583 -1762587416
1912598690 1229121556
-448831132 -2003760722
-330792366 -1473460269
-477079402 1487251767
1429638293 -609577166
-509004720 597854498
-347831612 -1629204989
-562508236 -2112398542
-440194064 -426623477
-711920882 1927342785
-1942982933 -1323543223
-967331441 1851117976
1472956525 1323106031
1412791604 -380560607
-336830944 -1177150056
435608250 1132126972
1488539581 1178092041
-850251162 -658432949
743680158 -1752988291
-1299477990 1203168038
1086950808 614117927
-156921188 1632308030
1065250044 -1463877312
1396414020 -339672768
78562807 -92670223
-367702601 455761925
600930705 -2087523893
1154853302 1961633102
1398378487 1563063681
-1662738472 -1059405201
-446594517 2109540001
895598803 -1335543291
1873243351 107377310
1183544144 1884390867
-1164959388 -1745542887
594963517 -1952608028
-938271010 208756589
205921434 -70987516
101707503 1809077220
-1010477876 144150583
1585412105 2129026739
-1576746120 -1962020809
-1664151842 -1500914729
-566461722 1500634187
1459455316 2095610163
-669420722 -619749618
-1387514033 -2020325200
-1303181481 895525133
-1616766928 1827062865
-1735276462 -1240555938
2036267660 -1838577918
-2133580502 571368608
-1108706404 656489093
-327567275 140570007
-331733085 -1074946096
-1573589415 1445567739
-1808262758 -723398913
2106512817 -1427332157
351421146 -1128838021
116270586 -281618214
-683731160 -1611653854
-595131681 -1432375263
-1420633640 -1808831313
243230488 -1262443069
-532872877 -50452878
643878573 1040317233
108445183 375786653
-660382612 -943448729
1654423079 1266317651
-251317679 -887113625
502311432 -1567487993
1549768917 -907930758
1770798388 -176042238
34255046 -991660705
-1730330153 -892300089
912612150 -801727932
-1582998218 1321379856
-1421988552 542564449
-1164050385 1768532880
1330114573 1620917628
1498606690 15354528
2137223238 909575253
-323644022 -214415809
564594554 65192609
1462330153 1629142297
1158412978 -397739966
-1493692778 615759068
-1627065146 1892075988
-128354402 -844009275
-238259558 -888349262
796831774 816180289
-240269598 -428696989
232442175 -119773093
973912798 568017196
-1216711958 -1561679975
-154369492 -1839544049
281004869 -1779362429
-940228581 1996616782
-1863924505 1337374941
-726159532 -1644898201
35324216 1001688738
-324637299 196265381
142545998 1957907354
-164012587 -1978672238
-2061338059 1181415574
399811982 1327625969
801051090 -2122147417
146782084 702689748
-383005593 -1669166277
2042370505 6034229
-486543275 931001591
-171846264 434616959
1351073493 1963125007
-1887735830 -535461687
-1948468854 2139303381
-619712300 -1918331380
919201507 1852333022
1712400183 884394938
1950993399 631433780
1746348130 1014088442
1434104682 1846166704
-65328746 -1486658606
2024164074 74706136
273404641 605392040
-356082541 -1467840360
20519323 1181290936
1620840695 1096301429
-52935252 -1571317977
-798808412 137299607
-1556513416 1906821330
-32861049 -1070239161
-177787779 1041069553
-164977031 1233512289
-321856168 279068103
392297316 1644901033
2105838619 -1572161826
-1486131981 -1389452211
-1129872855 -1537199962
-80055793 266541172
456903864 858359648
-1347168035 -237876265
-1388779648 -530822918
586298178 -939893319
-449186767 -1656526449
1854962200 1485565736
-1084976140 -31256236
592643353 1691204756
-52712802 -746052362
-1187719381 -1726158648
1485555908 -2135737537
-1573782441 -804514114
-1754412119 -256793839
-32852964 -1733421048
-231683063 1343619574
1143250485 1215267563
-1063020691 -1221643822
69693713 -1151538345
1182116066 1644940244
-107270040 730838754
-550961467 86346064
436072417 -1947898753
1002989594 1308121621
417038010 -524436361
759868165 -877503379
-981064640 424121998
1192652516 -937021185
-581909401 -798197075
1561253051 200613675
306251780 -1640548792
1168092988 888786678
159939258 391323476
-790740147 -1505569420
2042017548 -629735729
725012324 877894029
1873419545 366388639
-469497736 1147945142
2140330273 1963254932
1225514565 -1796380965
-1282617393 1639891288
770515984 -1279906933
-541463501 -2013081177
-1012377211 1913002366
-1867327431 -167538034
-374715855 1885414340
-1788862312 -1201401728
-991859983 618020459
-860017915 -1756807948
1996645987 1803736918
-1359003599 2067099564
-54070386 -1809022682
1675396097 6918196
-331860846 -852738760
-802295356 282216489
-655329583 173812444
-1953169555 923605504
-315061479 879694051
1506243200 904660433
-1307107607 1508906000
1838110101 -214773924
1869681362 1592696008
761539372 -1723104653
1252705733 -507242188
-1505384898 -462049675
983979574 -1837100819
-681319688 1831805382
611478341 -2075678479
17899811 1563605537
-378405769 1507220892
-11665244 1111738394
376685348 1505311582
-553159155 750814949
-1834243843 954824938
1117288979 1504552015
-1043198489 -245578592
-544275764 -2068172844
-65442841 238784813
2067649434 -973433058
-255866894 -1024947328
-1893790323 -886031268
-1095629654 -285415144
-1703017730 527521604
252309426 -1254500013
1781405574 -1435630127
9549474 1099768551
2087009221 -1935988864
-1124676061 -625976572
866119120 -207137663
32081014 -1000967952
292461397 -619637019
-1983852502 -631032348
-2005660671 -932760614
-859265726 331071433
1563198728 427287762
20544120 -1434290845
-12618958 -1486798218
969603707 1648125720
1420182228 -897841609
1529045780 -737698476
1389095858 343558031
-2001771965 1200397410
-202689074 -1838548074
2041820072 1912513161
623387389 600571957
351250467 1135857384
106108878 233777245
-1981496152 841839429
-2099523666 1762431398
-1542212884 240515770
-1032067558 172881916
-37726172 1940633788
1116888859 -274179169
-873849053 1113225582
238392658 -270692739
-37999771 791768589
725893094 130056347
1044385869 1820086894
569967172 -1837679354
-46898435 1927657294
-1747650436 46511014
-679526134 706165007
100594098 -756838458
610762008 -603720044
118256370 -1597642889
237616298 -1785253667
-310325872 -1124952995
1430179561 -1820080074
-785084065 1277321922
1155725013 -221972467
1717178632 -2064713898
-1394583589 1180544309
-1174526691 407045118
-1642956708 -1957976984
485927431 282465021
-347688537 -948127193
925521873 -654891065
1966907252 41259605
-1758546098 -913074921
253132033 -919998877
129845549 974948278
2113336412 1006827965
-1911969145 -2005201158
1324297069 -1649119167
-2053800369 1926652741
-621209544 -1982060020
-1652262592 -211922687
-634732957 80552459
1563386587 1206693543
-31617438 -2024604764
1381094324 607143107
2144255251 -1556307980
-863599294 -1439360523
-1177904612 910272035
-1811876461 1389865326
-1884897184 -2066952494
-1395908430 -341240305
-1479789800 361440178
1208844325 881712766
-921490921 -1174038246
-1820626665 -1078665708
174648045 452007428
-646085708 -1254144335
1471435203 433756125
566085984 -310513497
-392433701 1611775342
2020378256 -452665065
-327250105 1051352229
275543364 1969747842
-2098801584 374972333
-514988987 -779232499
1818817420 -2106482804
825381282 2065415060
1703061029 208421754
-1701520881 -1000529017
-746896426 -703715761
458436569 1220780444
-111380128 611735822
2099088279 218511016
-1535135181 1582018010
143760708 1707044595
292083561 -95858597
-1719278265 -994666488
540113869 255808409
-470087651 2126195843
1223465869 -349714507
286670948 -873429399
-1790439786 -1227723795
1610664238 -1345967316
1276862353 798234007
1710689107 -1241423953
-1210642173 -438115455
587130025 -276725247
2144529620 -1713191283
-1203270054 1008715394
973762151 -1339864051
-561320640 1380163057
-1484798862 -445510281
1887527834 1874833479
-2121331753 -1880216377
-1654076092 394067594
1820643002 -763196989
1633271530 -1133503374
562568304 -118030157
547953689 -224308933
432957690 594077306
40123592 970365572
-1268531973 1491932626
884334958 1215465636
1155056117 1264501056
-708184372 -912400303
-1869381876 1973062973
-893798545 -2045488972
1696356525 -1265853236
512613136 -1613767182
-928795098 1147002535
1398897005 1782613688
-1937095672 -340380187
-767953296 256541281
-1151356502 -1317657774
-528612512 1519238852
1160473040 1125151418
-1198381617 -1451589346
998559507 2106688218
1394482544 957070688
-1742246793 1090856028
-1706602665 -1263101960
-923214903 -800578899
-1739938751 1237391204
1268468524 52884612
1392167394 157938043
-1109262482 -2099038657
1378271535 -977992219
29197051 -2096103597
2017543231 -674543574
591443714 440552655
-1527591837 1970706090
1242744214 -1481963804
-2133865025 -1888505193
677793435 1665376286
883026182 -890350436
1091922973 1658223485
-1332583521 2073580881
-534639181 429728149
-916657820 -1094847972
352322325 -315995072
-1739243880 -274463350
1051127116 -598925832
482260419 -170189953
1540912861 1024047999
-1000643583 -1081210529
-911531632 333290911
1926740606 1135147237
-126903718 1722430004
328918846 -1479632016
-329516627 -210384787
1700204071 -1631494455
-110071712 -1768931221
122345137 665686661
-1627844457 1701333427
1441015210 1819546199
-88335209 -1343870201
1215902403 -723570137
1233016365 1314577238
-1048328799 1449057865
-1232192686 96857351
-1843185315 -449285221
-2045833347 593879847
1887348524 146621234
367105088 -1873411956
-1665186889 -25978516
165044471 984712600
1395360276 1366158993
-312153096 -898513365
-367965438 -1044582371
1579610285 1577858673
744573434 680649803
-641049056 -1445126232
-1567337675 -1975069721
1945689217 348504936
1343275242 -245802481
1733675028 108852846
-1913073162 -858802424
-36177117 152883345
2135513399 -1690419922
-2031910916 929634159
545125275 -686744784
150819947 -2109882847
1664833295 -1030737882
-200839399 1975029068
-247533751 -2020447950
-338994463 -904617119
-1791281408 -305127148
792987881 -2010929344
-1700267463 -449086090
-2034468828 -337298132
-1822659182 1775926513
1833139570 -952082957
748460781 -676508318
2128992516 -620997535
592059449 546947399
-455702339 -131937617
1680954478 -583231844
-149310170 -1033526081
-1649031255 1894511379
-1381164868 102162679
981105351 858440973
-1995187455 458662264
1858051688 490203103
-1043816346 -1836364252
-1978153661 -1626333884
1493742781 1532846199
969647540 -792765922
-1539493347 -233817826
142788392 1598884847
1817892618 803163156
-544261989 926126209
-6657958 -1702697926
565803015 -1129596699
-241109310 -248852337
1871988644 219105730
-66488896 786695320
-759752999 -999985633
659113358 -1914325747
2052852455 -676389315
1800670044 1312703258
606192319 -1499807794
-520189087 988562587
-1389733067 -624680106
1439614372 -999104756
1554553615 1203232601
-2117885317 -293509677
-319665315 -325713725
-160869002 476893040
-2116042718 -123097726
-984038674 -580254391
-300097202 100114029
654471019 618272814
-1783670459 -1735352995
1480728974 1216448067
-672444568 -1829961484
-427616685 1799344522
-1389727968 -1823815668
1444137739 1376091420
-1725231829 1534192762
1198743153 -16683294
514203078 747630132
420501840 1803207149
373903834 -1018276480
-918072859 395709336
2085193607 -476781208
-981963311 -1326333649
-1753218845 -197518429
-1181455623 -835393429
-268878338 761742966
-1248817078 -932608617
-2141791356 1083306121
-2133515748 -815604090
-1928034702 -6640678
-1228249065 -1305781769
-441770105 929838779
-1407342860 -1540641657
-946684116 -618234519
-436502339 -1218005565
-1692787354 -436354435
1499374148 1481539851
983754672 269953959
2034697200 -1759047555
151316944 1003030661
1873123716 -1241256299
780211451 -204039127
-128133965 1278483160
1460135239 -1220841284
-806463599 1938145184
673913517 -2079310998
1921895014 -917065897
1134360352 2083778383
1335217714 1439450506
1547421907 -1187850712
-1703263108 261168577
1680770349 597506409
1257784160 303607522
-230198112 1514980787
833488131 -1080325012
-558702486 -1757060858
-591079874 2120455122
-1839952245 -883074982
-1632524923 -2062545456
357497595 -99512465
1454773496 551151804
-1561497616 2033846921
-1680681892 272736087
-1876988581 -2007939711
-1586044580 361639625
-1216849884 -1728775989
-1774442597 1343528161
52393520 -110738997
-1510345673 1825284148
-1806440079 -723529542
718964332 -1069537007
-530094743 -1960788584
1566872932 1931123795
442049980 -995609821
30520089 -127921452
-818411040 -1743563513
919144827 -1625120553
-2024584968 -1323182657
913475117 288142062
-72509269 -101899123
-1813421763 846868943
1320406004 -194756911
-1838134715 864557734
-822920556 445801820
1713595987 -914361951
1960521785 69973743
-1133859632 1630367865
-1837369104 152115970
-957069436 -1571094421
-1410532168 -1956226950
903739319 997601386
-1339359652 89201354
638099235 1129116711
1628203510 1155613489
1506018993 -1287297212
1249109692 2065017340
-1489991905 -1204825057
-991172209 1477094228
983048704 -41211283
-1793034453 1240588170
-159551763 923199573
871532754 -1070358875
-360552466 152872549
676974751 -456918764
571107318 -1149217304
602544413 -1950716224
983531551 654162674
-1638577117 -2084935387
-809165876 725437503
1598200088 482166505
-1350930930 -895057882
-1370369781 2144919948
-70295858 -283294811
-1549969670 977771253
-1240552489 2072465520
252408283 397727378
-963930453 -2001681040
-1592537620 -1735887683
1487351049 1376288854
-71805733 -979907527
-489959439 -327066566
-794265463 -960736451
294094931 -1160336341
-805171854 1865561164
-2017684326 -379822319
148108994 -233629272
1843921327 1060685289
112180063 1457570185
-1584443493 770834607
45141643 -320564636
946052323 -1426265097
704005151 379571364
-691669325 1248727854
279772607 875305909
-873582567 -1474078557
150849304 -1154596136
743410948 2026889575
-714442595 1594709134
-607033454 1241338670
-872777026 243247297
-606549541 310646514
2015969940 1691719895
-1337833924 -70728775
1580831617 675177634
-1057936244 853242282
-922910475 312577362
2038355160 1063005578
-1212052148 645513564
1997862683 1134721877
240372197 886550973
-322466872 2129032452
-1908097130 -2075255061
-1687138826 -692382061
-1364032344 -1241624909
1231697693 -1527892412
-1564690107 1642250649
1354503414 -71510903
24971809 1512103635
-247417134 1621895947
-1577953731 1797316860
-982456337 1526255752
209744258 -1879034331
-1361440582 -1866433836
-272365647 -1668350396
-1182487284 1334991382
377714836 -1203222007
-1703643237 1049450887
-1007686562 -1146258187
1190739326 -450001959
-1029733749 -1216293950
1699984918 1578349385
1110149935 328126302
-1879135723 -363128433
310052837 1539431012
-49927654 275109610
1331709037 431713551
-541496583 480391890
-1839448796 2071486646
-555057388 2103966415
564275431 -1800777221
-744605362 1566621971
2131409513 1341598503
-788971968 2131005453
-143163209 -2102211289
-1075369057 -722833274
793160519 -82174770
-1730062281 697477190
1510699000 118237286
1889475788 1209236710
2138496580 -906054449
-1063154195 -1353807950
1357696908 1871097510
1006811916 -831682742
900250389 1056188831
-1303416808 1937072154
-642464256 366811519
1501464062 -1701866512
-757074986 -787310190
1854779499 -616300609
131293628 -1685555903
378783060 -968440279
969757442 -1654237647
-1917497915 1405029614
-1473888165 -926593454
-1514768197 -601931511
-1967647098 -1727175177
1521120857 -391037145
-643286770 375973977
774931345 186843563
523477751 -128751968
1710363979 -633470136
1370090881 1315290987
1038586107 -2006216559
-1288202069 -1432896819
490237725 1000091677
623135261 1677186493
-238912555 633202155
-391139207 1228346990
589256764 435071810
185734283 583888698
1093663444 833054166
55154421 -361797706
-1495414669 1576490563
1973182346 1134162659
-1447811918 1425496728
103803692 -633486542
888065782 -315987605
-1878091332 -238833102
-17504242 1403221677
2019915593 -836556857
-723797361 1634734168
-753526055 -859953836
-582740334 -29829020
1515378311 -165655973
484920580 -869007235
-60185798 -2122415319
-1989295460 -1390726682
74441147 -1049060736
199728514 -419650101
503223227 1200630403
-1042920587 -142393818
1560566184 848014567
1601217064 -1652887215
-1766873865 -1695838628
-1253225618 1282059930
-1329075596 -1654706792
-685902701 628370202
2036980338 -1791839511
789088426 1985713280
-1412171647 1900320925
1114591487 1211067415
1497341878 -902188579
1843159746 1341889144
542933284 1177498938
-279255627 1212378253
-1688043016 -733729223
-405668915 -1386914042
1510640608 -1432596704
-478849282 -283172316
668775240 -1240752237
1793782275 1346838306
963845556 2068539325
1445351162 -1853967337
-559329249 1420510536
-1195539029 82001973
1268805354 1938740496
1356849423 -1042769698
-2121692001 -1483255612
2020860443 -12833786
-663980396 568326358
-1699800562 837533695
-835948678 -1782297811
-687820265 715709930
-1004095135 -1524579543
593527563 562786005
1628807236 1788964618
276204289 1341218087
586365979 -562344294
1510216523 915726730
355730523 -623688091
-805919101 -1108223510
-1566634490 537708076
-1628861994 -1009663985
598583895 -1037114211
1245147108 578727035
-308736069 -458846138
698805598 -2071930882
1470153766 1246432354
580650205 2105670120
426581488 336721181
-1360198813 1513451797
-539944422 -1810152136
-1845765932 -1508243263
1812089999 -1342824762
1954470529 -1925958216
838859972 682149464
1802135670 1362734094
1702453545 -225749844
1024995202 1933084108
1313883580 -426151392
-1933675783 320934272
-303839763 -776058541
1241437661 -711998429
-1851513145 -448917517
301264771 215185818
827577696 -331172962
1874676173 1534761529
-1682037512 -2074427815
-483095599 2023541740
68780803 12069408
923955791 1916797952
1247625530 2047789249
2054108510 1246800009
1028863302 -1145733271
