200
-1093508894 -2001289626
-1478269088 522009372
-682854458 -1879548760
-768230514 -1348298433
-1353126390 -2055513956
1431668434 -1074725719
454662385 -1499884163
-1710093170 999977137
-879599508 -1560000200
1266793033 -1644010036
-271561496 251569795
-2021382996 -899638343
-1696120195 -1549583952
624897497 1362982815
65084236 725204344
-310431703 476189148
-2014066247 -164684888
-728673937 2026157852
-1749244527 -1419837686
-1240771271 -782582728
-1439959541 -943101606
-88257968 -1520354437
286564729 1468105237
-1849357597 888362943
1089087734 -1036498717
434640448 577166576
-1186858963 -456030176
-807586634 182368114
324253293 635727490
722839943 1318075019
-996463023 -428125349
-24500068 -1437267635
144856070 -1104957404
1764726493 2047423438
2059567712 657539933
-1604650767 1405609907
1999968442 -43156678
1133141548 583053254
1652898773 -730880788
1299551438 983813627
-895179975 675905298
881886416 384345416
975039171 -386934238
-1273876531 -1900226374
-575880888 -1047008626
404586498 -837411206
726963021 -1052062142
-1391553985 199019546
331376353 574802449
684375415 1668563910
557832808 -1941425481
-1126165950 1340778601
-144596534 833888221
2099858736 -68249159
-884715504 954444580
48204224 -1499668570
650873977 507842006
408423703 -2040242886
-1857801363 -717626422
1820482795 1783489319
226008108 1447015922
1457571855 1990255373
-1190818666 490320168
1578092442 -1933253919
1513996232 -592012827
-2064108409 495347041
-2105253291 1360851497
422740230 1317736611
726417985 -2074301818
1162040295 -335508219
-774537185 -2059266573
-830922904 -482648025
1662027015 986525748
-835178908 1527698925
-288764611 -1046153845
225004658 -805797730
449528556 -538977465
1793765804 -760321905
1340907798 -1588540382
-1332683598 -1429587256
2136627229 425724730
1367787384 -58256308
-1349780161 -1513962511
-1296934775 -806678321
1577910913 -201576647
916829251 433174049
2066080387 1172099797
2146631473 -458839407
-1508468564 1383685695
-1091075291 32272656
-766462239 -1468007426
-1981308820 -674299860
-1895026613 -846038113
1042895953 1007681877
206720267 443967003
-2052403007 -715024267
1916397442 1601564816
307599404 883706925
-1829478734 -1071035959
287701774 2030226679
-1182038169 1210279864
-109460645 -2027702896
-503136307 -689786192
1283635385 -1243597129
-361962405 1142387503
1950766833 438552177
-165392697 -1004686033
-557587297 -194157522
-530635044 -1543629266
-1833075412 341788981
-1603549627 -38937665
-215124691 1956722052
1915148971 -464989561
-1340763867 1987914308
1683686782 258298014
-625286815 -2099272117
68163126 1729054473
-1239050987 567202587
1083258074 -2098888715
795958357 -592113286
-2066987414 411722251
-1296377517 -1355686250
1997442683 1861292708
402844176 -878578525
861682850 1557592528
2142026882 -1339155140
-1365399690 1682267366
667079711 253194412
29262925 -1402511720
1107899931 -1794761307
1132527093 1475768550
645588644 -1783658392
-883222374 -891465608
-201367863 -1528855622
-1263201542 1995588749
1403304147 1098890871
-444043493 -237602713
1029368850 -472613045
922855284 -2096625902
-1341172476 -398771942
2140040023 768019639
1404708873 -754929216
1064979069 -1727742381
-1287381515 -505140377
-1000670557 -933071686
-345287248 930653632
933768611 2120705561
2066541912 2065229732
-382740734 -1907788212
-483353906 -2074472892
-119289697 -875454605
679146317 -2112892397
-2016884195 -1622932754
-273571074 180676679
950291636 236083364
-431700781 328189547
-1346989395 -395539797
1564088662 1020436051
-85070437 1837415695
1347077275 -1658903463
-1641736857 -18792603
1829909027 1831682595
1128232173 1648635842
-569078686 853587800
2069925374 -296831506
-92622297 2069797629
1981817408 541038349
374619419 -206654242
661943104 475105632
-730197118 -1488561366
683051623 748951028
-1865973355 1198050528
-281456325 2087301626
1700689036 -2140053713
1649232197 1286930804
-1468341024 446780934
-213763959 1393804007
-1765391228 -1466411622
-1739657875 494422676
1194373170 966124179
-478978374 1376798216
694147664 1068877055
1392378432 2037752885
-494305095 890262975
720753195 1142899488
-2103336137 -1589204662
-576182103 -524438534
554455892 -177153806
-912815128 849623707
-1903591373 1392925027
876428835 -479071845
-1911573185 850722035
594240557 1203107460
-1659344735 -269781610
-873345939 -2072673057
2019581891 1408466689
-1642592561 -1966964064
-1978694453 425345909
1764688059 875525146
2098503901 1964506079
