2000
223685542 -223399190
-1914686060 -948859710
1344681507 2000147929
-310457951 -1756911992
357836423 -782669214
-1681996176 421255082
670598602 -699860363
403154494 -413702544
1751594345 1848866247
-462277261 1416407145
-1275145031 -1845043669
407612272 -1398696644
-771444650 1043152977
-1824065236 -1356700273
-1867854377 2021183344
-341946037 -1056542264
-535656059 -161703125
-1438665096 1448985847
1648356126 33146797
-284489898 214022539
1006918352 622836655
438370452 1496281834
112343614 -1915096389
-1514488023 1638349593
1259975067 -976344789
725539626 -133276836
-1524833960 -861732770
322432208 1945040292
977817652 102039355
-1450845950 898947545
1665117560 -1438991748
1263536160 129097052
385487082 -1749315159
1165623904 764546756
615415297 -584562430
-1805626444 2121716968
1482672583 -1636692594
-566895330 1443167862
-284599628 525004729
194018470 -373566747
380778770 428302663
1393092576 1448297956
1681202100 -2034570727
-837191332 -1764560796
1538640353 312052018
-349125404 -1176671293
-491764464 -414197615
308111870 -68817442
12979099 2012330526
-2075753808 1772437468
905518226 1141047678
1478965595 -678056657
-2071021216 35208914
-591688900 -1717384176
625082985 -497868212
1313570304 -365128154
-469683103 608343258
2003596909 1019525023
-154460309 1597020646
487798728 -1684120218
341561483 24647669
-2118004368 -1408286522
615508045 -852328788
-734522126 1768013865
-1154219578 547114919
-148199595 1252454340
-357024473 -1583661858
-951290354 -422960499
-363234794 1500187627
-1747784442 1385416404
772112940 -709644899
-974262606 413285815
995771135 345907688
1885338096 -74940504
1193908731 -1006881147
1007327077 809117212
-2114209258 726983548
-653108668 1787158116
725913882 165580735
-1352884274 1456479682
1996074610 788734412
-1868511287 1483439481
1647027309 -1640552442
1367883187 -1723397666
-662221668 1459668182
-727579210 1042574932
199093103 -1914800378
-1928585901 -1443596767
1991436041 886187209
1181091108 -1796879148
-1052147658 -1085824340
504201620 -1824788642
-1356116555 -1473380273
-1140396287 -2135748550
-1027617877 464350828
-644686420 -26690587
-1665123254 -430782395
-1362705744 -1984041861
864798245 -225189543
-684590311 2018356322
-948172735 728906247
-915401185 -2078402459
-1394024760 -1236817526
525229640 -39932462
-844068663 -1959774240
1087431174 -1594011975
-78047624 837686989
884225604 450123577
1451799725 1764619915
1443735177 1114133642
1438502048 -1007477269
1169088431 1056899672
67938069 60670465
1135827496 688662679
691095745 -84654351
-390417360 903233747
-1133015248 416820615
1171809079 -473405655
-1411461198 -1210748795
2064308400 633302827
1250927067 -890655130
1752582660 1636169746
-1130856609 1859290978
-721068335 610315244
-271080128 815326625
-1454079853 -1139338404
-760735934 -1531205471
-2100131208 -1804084315
1731110411 1979806882
1985572863 -197118871
1077329447 -492263678
-903335149 -222777715
-1314750404 -441587694
420658718 -510334372
-91513865 -801404434
-364868870 2062365992
649262042 911130094
469335949 -1319689673
488520671 -1599048400
573111796 -317460019
1195644937 1095839908
-582948618 -1969631805
-1525015625 2073418228
986466223 1436325843
1283891992 760833271
-839835050 -691362322
1366095077 451958456
-575603680 -314795126
270499530 505263446
-666275424 -1116287927
188092084 -706409217
47162912 -469762283
-1990298784 -1895237376
1665255286 1818446281
186685140 -223413390
619863035 -450797789
1353621660 -220240076
-559937890 -196769027
-197482686 56413430
1813307249 278815864
1087275822 2082930793
-1575623447 -618099065
1245962919 83750150
1706803871 -1929233479
-1447440647 564105248
1245985946 1288166131
123304713 -275056151
-952446792 793940018
1236209186 1916867398
-366065393 -570334180
885223400 51769592
203658970 1952492475
-199394105 1011839189
957532207 -1676513183
-619302756 -958124718
-1426369437 737917752
-1640462399 1843172460
1200183567 362922018
121378040 1405059034
-1388305135 -338353825
1175014326 18585012
5188001 -745765633
-2032111171 778639029
-155603598 -1955119561
-419019597 -83425426
1819748485 1273063565
900316142 -642238201
-555732697 -2031910073
-2105394513 1806869917
781341268 -1244372438
522664200 1189271087
2047933112 1947731090
-1234723288 981030791
-1690781856 158189781
1726171435 128871000
-1665689355 -1125043211
-1920555038 125972923
1665367262 1635701804
-186736661 1014333526
1451981231 782408106
-176356761 -1630238384
-675823083 1917562049
-221847619 1053385547
1276241697 96245167
2065047946 -1452516152
879127247 -361332564
-553271243 -1958501622
-520101017 1581716219
-2106609271 -169757131
1824765188 664984478
-1476396748 -2096607674
-1081984868 -1480883728
764755605 -1039029650
-37155288 445890343
1890156736 -2056295243
1632409179 988218785
1431109903 -140912344
1041781275 -875069088
1263886747 -1380284005
1423656972 -1456298113
-2085481473 -1266923474
731788502 2040778843
984753495 299389037
-290882575 -473281224
207558973 970739135
-1632721910 1886325295
-945110258 2064311136
122528329 -1798980717
228225194 -70697803
774835455 1508271644
2082037272 917964790
444893241 -916858009
-971187066 -1891398956
-197297748 1481469810
-1811670776 436130516
-1530039318 562764904
-1474089947 1316432695
-994410500 -870772657
2023948304 976799747
1610262948 -521070427
1202571688 -1030209207
222222639 -1111378597
-1159396648 -834807597
37606276 1810944866
-1003961224 251419544
1622265051 409066627
-1745013726 248001912
1891213754 654310093
-1657151195 1383462271
656415021 1488496110
1255458765 -912187626
1066345788 -1892695680
176136605 1978767282
1218776789 -1288413995
-1504060575 -2106128452
-738635277 -1608490916
-972557328 -695502968
1744032751 -1812686445
1242320479 184928362
427181341 1892004933
-984583813 -1570467549
-815301104 -1085726568
1048372686 883147741
-51670693 1951036479
-1683253040 973948608
2072605553 544186548
-2070890416 1571672903
-969776822 -2094549662
14007704 -302162573
586464407 -2141099691
1550142139 1101508697
1435597475 -1370033675
845207928 -895429183
894613742 -1955568926
544940116 -1239668539
976006414 114149163
2078037963 1601385426
310550283 -1667270541
383931016 1856256336
-1259304552 -560106578
1125046730 -21608435
-122895478 463571958
-385471388 -1353972251
119968532 355825967
-880330791 1856800947
-955122413 1246028970
1421994553 244047482
-184240361 542797740
1157853072 833734848
186754977 -369912948
1761912054 1460475267
1890086888 -449673727
-1919114377 -839925566
-359107087 489355419
-1981797624 414095197
1039943118 1834208269
1302918138 1097678458
-1943484717 -1695899109
-560160928 702681231
-385562705 1568309554
1922371972 -1545325645
1098017515 -1332092429
1277497985 -500049970
-867873607 925569830
1520959938 -573516969
1960101706 2139840790
1555752952 791105708
-19682978 -717051536
-696754022 -764883263
-407756814 -160671844
-716284051 1731519032
1165246081 2126406008
1858349208 750805990
-1623430871 1042920455
-316140347 -1301450960
-186918219 -863613546
-1532299776 -188789966
-674674371 -1803769146
1556966393 603024793
-1079602707 -614847671
906570163 -185042427
1208629528 66650850
-1249352659 344399642
544269746 -110072304
2032800551 -790693973
-1228180322 2096296354
1647041469 1346522777
-163529841 1343149715
-2138444342 -1930472683
-1797092508 -1383188756
59386566 1841785963
1195633324 -709979131
-611491245 -1640250258
1121349015 2096497598
1807767533 -921429526
-1925230282 -26812520
-290364631 959442151
-1487789195 684392004
-1910615965 378951854
1755365679 -1853206325
569096912 1986581581
-544683179 -1191860431
-1953539541 -848945191
405244768 1803898035
1995459242 1996552560
1064672164 1184150660
896872546 555346572
960705096 -206205899
-808108867 309675294
-1354777673 164959385
426951095 -228127956
1952522984 1844447560
1260821258 -956871466
-2146122517 -1509774327
-1821183793 899323970
1181556994 1949146339
-1474378324 -658809079
1220917013 -485578914
-212390353 1987788058
-1014973911 107461143
-1413221902 1539302718
1683868100 730176219
76403312 -266460378
1891639370 -136616744
1113432417 839919700
1470127528 -747136785
-2132556616 -2081317615
1607705767 -332895527
152145976 768419465
-1987963005 1373187061
-1617575894 -265822815
-485392872 -1335354086
-898543932 562872002
-38043158 -1762461045
971227174 -1307311221
-65017780 370819098
-813452948 498197386
119567078 -627526927
2143963240 23753903
-30628976 618480084
1322584286 1345130374
1874451065 -1894921260
338676548 606182061
-1332731321 1360779267
991962166 -120130426
2144829074 -851660225
-542700037 1367846433
1177484326 -729133744
-1870673357 -494339188
2015492776 45600644
-1035930627 367208170
1904662959 958291272
-1395103379 -1542902278
-834028100 -128906618
556391860 324256638
503646581 1149140253
1396038133 781707286
-1734703700 52736798
-1002067335 -424633017
1953716434 -751957884
-596914596 -1389413123
1839404587 -1975051977
31761961 -1118585836
-507893290 -244071733
630062249 1877566538
1139072106 189680963
686231371 403757486
-28832917 1734174801
-275049251 -1320464850
-434396126 -263836100
-1154428922 -1868875087
-1251641797 1105553443
-399981061 1654157493
1886813674 -1533075213
-1785266387 -1268340724
1022829149 -504879493
-1920392477 169690873
1638457966 -2000890346
1514488666 794343528
1936885353 945056865
520173767 -1570140505
-29459531 56276999
1803031546 1440379116
-407279615 1831747178
414430495 1716785070
1569696034 -1784489906
-1727230021 110822913
153400465 510175954
862651310 -173058479
-1599071883 701474074
-1879150184 339853911
870690666 -1093724624
-717963337 579409453
1695724554 780979433
-1357119156 -1975129629
2130336942 -2032265109
-671311951 749019689
-1928720276 -982682591
794949286 -746155113
2096378579 -1747379163
1125365180 2119521309
-1200575737 493810243
996703216 1301832045
-1373644824 2144526217
-1010791142 652341755
-747039293 -1870467955
-903434523 -1817105728
1468215171 752100696
-347779326 -1907801229
-1167123209 608536364
-813795907 -1898779105
1253149758 -460235055
-516099015 -180707679
-1619090198 -1291528785
-2088268909 -143014403
2083290090 -1320392626
-1833120477 711409445
1360199955 1025889303
-1332634785 -736234013
-144298337 -1110697304
-458307495 -1146353757
803585646 -1594243807
575720810 -1483257791
855003364 -798969096
838649924 -1121868666
367713156 1010392683
-304930947 939951417
1151892197 -1552840380
1832281787 532262067
437963754 -2000568906
622385701 1412948170
-1602963557 1024871828
-125131950 1501720830
1378002035 -1479466995
1335539452 1019094195
904649964 -893728549
-765828011 1849086321
-385576098 1496845614
-1055210544 -1971584906
313226169 -2034398724
-1312682116 -392516758
73629276 2087941732
1344018107 900271986
-1188942218 -867597026
-238068238 -1974629224
348049478 -1331696172
-1663158714 1177209933
-1952714784 987238474
-1146748004 -720357826
-977310425 -1954685255
668780214 -932995017
-1634162922 -855602282
-1153823429 1440681757
761061988 -171274579
-1114368824 -131450556
-2051727455 1252281304
-207846752 1443373977
-1429006493 -1528282521
2120705613 196812142
-1344438298 -731637133
-1194315350 -1314983385
-1951515604 -1683295133
1822663554 1596378767
501982493 -1212396133
473137276 -1702657964
-483288281 1300787585
-2081766942 -182228587
-24361680 1809204837
1235608293 879683392
1985262063 1352717950
-372934856 -1352758639
1875695342 -150335367
965763475 1987023446
644415491 -967286412
-1327805905 -2048774372
988741858 -1548371382
1639853439 -758733041
628176493 -622602978
185762577 -1609441457
1274364812 -1109589529
1932393551 -2007368265
2043100880 1715647443
-849833020 1666483155
1118605822 -1158265852
-911601128 61988330
-73289189 1196985627
-1671791194 -342043117
1840589114 -595876993
-368857690 -2037236006
-1387953449 2115808355
-655617296 -635697139
-444215118 901585197
1358912075 -391930322
-1728613963 1919775372
919104293 -795477597
194411794 -1782441512
-1969376575 -1114446731
1184167778 -1059240761
811820348 1484154769
1482891982 -715493517
1969799267 -461271587
1374464348 -1434403965
-1453993887 1621869712
1258530605 380044192
-1263297472 -155363801
-456228864 -2063195218
-264555960 -1960089534
118675878 2134174980
1250743641 2080100811
503691543 1130968095
-2037578932 1171043118
-504827389 -1874156292
-157763832 -1626064269
421243306 940027007
-219751013 -2095172392
1253288192 -1192185318
850149480 -1065626668
977272231 1565075857
1007854875 514991173
1357111618 -1990570640
1225740345 -1387817612
319821585 -1034697729
-1773999056 1855252610
-574419509 1780521205
-368365382 -2142696987
-1032569382 2145243567
218100191 -960409307
334393336 -53019041
1457726307 65524300
-2126380907 182178609
-1365194000 -904724115
603517985 717108477
766603156 -84805206
-1584801229 -272495744
1008946952 -537855077
-1595565193 -523492568
-50384938 -1320097079
620137249 1098344631
-1724591705 -567036166
1617998881 1959631807
-704611717 -1120490258
-235215692 356094928
276277081 -2085112948
-1427905658 2007525090
1045037647 -1208667584
1685402375 479703216
352675083 -599985871
283624452 -385700053
-1680003836 688867988
-714406782 -1997900329
-850604137 -1463604584
-1654910511 -775962262
-211571471 -117638174
-1783797769 1831375009
904615043 -1843690234
-1005342016 -975055599
1665231751 1667223987
681982407 -1428272348
-806518851 -1597973592
-1810341064 988948307
-1679960518 433686891
1751650527 709196868
1614759376 185888188
878144794 1998080303
107758625 1329357598
-2074615439 159161398
308828767 458567291
2077637457 -1011863232
485590753 -368449463
-1572504886 -429140810
74177586 522874297
1975039107 -1905461339
1303303885 -548192936
710172751 507761015
-302702310 2103354960
-2017923571 1861835519
1630282375 -1433708008
-867297751 1287990654
-1541094452 1852303486
-5595145 -943893624
1822369830 -1460668122
-983625977 2003421593
-799186781 -1849743135
-2123660082 1061729778
-346482296 -1658544259
-1961803717 1761546330
2012232205 -1933094303
940249390 396509793
-1783680588 -759370172
-285742722 -1728589084
1090040776 -1157646646
1724621270 758090593
-1966884215 -1874651778
1894242892 2040102498
-1798209102 947127821
667902309 -1453621600
-1129728017 -908797206
-1043595745 1029343642
-285838140 -1485483647
1980122986 958426851
794374113 1303962913
1567775868 1082198670
-1360983418 -1960322383
1179896386 739390310
-1281999684 -1591735889
575922937 -1940397420
125059530 -981640587
-1062801877 -478739464
-3877985 -836074771
44130424 -413441664
-322081172 -61671320
-342618074 612760903
319172234 -801003200
598178092 -1605999786
79530531 1357738824
-1463434937 -745918253
465570744 -624018582
1936169769 -1419633873
745174384 212708067
1827247140 1275783379
43614662 332093845
-950545690 -464424894
2117987049 852141187
-1415644267 723291675
-568138048 -1663720014
-1658426819 389369955
359185334 684186273
-627560879 1828688339
-209999231 -1746314056
2114665114 -34652721
412550089 1389837105
2026437234 1289396385
2061305243 -492381587
-1605127424 -115430817
-656439480 947997264
-1874991087 1366132302
-390373107 -878029633
-1035313633 -1345686598
2093725492 1381971916
1178243831 551981207
-1831658115 84320991
1960912081 -1455914557
828383050 -1674937232
1538494184 989158497
1419393533 240765581
1681545831 -332502680
842745881 1402761463
115861659 -541755621
813998003 -1987122167
1305292148 -1760690092
-1151863746 -577555269
1391325603 1854542282
-1604912768 494482830
-1876247950 -1891196045
1973248940 -1619161107
1039921297 -273909011
722592656 780507913
1311329175 -524463516
627234512 -90107326
-659303163 1008848799
-1928104650 515704611
-2032092672 -1339866824
1369918383 -1092419559
-348790764 -766309987
857685709 -585341822
-1845938521 -1924686127
-2066366248 1267877212
1780229047 746258707
-919498771 -200944568
1561997157 -358985713
-1196977604 -704055179
-1224562892 536365355
1012347847 571631206
-744279041 -826484094
1851002639 -1669051457
-309583678 -401939975
-593927895 1998781376
1087838678 25681140
1729901124 638260866
-1245637803 -1163286605
2114444724 1743760583
-1484102377 -246524105
1067577148 -1700165478
-1701924506 128973617
282068163 -1730233942
-696504693 -1273185062
-962928175 1825556216
1843517991 -137814886
266022022 382778033
74984652 -544706209
1997724496 1882835901
139315532 -1133821498
647537547 -422154177
-1835703707 2036532794
645950778 -2116019078
459155503 -651185487
982115217 104492675
-1683457418 -858280613
-1524121663 1457265774
-1369509310 884563866
1597012196 1549567440
748921382 625573336
1072407720 -139870116
1714315092 1201750949
707084174 -1691913304
579914652 276718877
1830950088 438128708
-477816440 331705317
-471174224 2123305559
965396147 514735111
1870845886 1181659196
-997276347 -324429749
190020990 -669393427
197039921 -303651567
-930798540 -1041488653
1100872816 -1477111482
-79381083 -241989930
913807762 491083632
-1236302881 -1855525217
1450762776 1115669103
-624187532 -1731046445
-1387975016 1015318777
-794810504 930763704
-1717567474 -714474952
-664488972 -1593447729
-94486358 802669201
-541399613 -1281192371
1718106661 -406260303
-2031497580 -1720734874
433985619 -1885271957
-340974968 786810920
-985645124 926671388
-1544708171 1390296228
-1856129707 -728734766
-1707001029 1363914739
-973073547 1292562515
-1834772228 -585631289
1040723513 1221830473
-1598297578 -1901248445
272769490 -1121433136
920893248 1072250545
-703501415 1598080513
-341294796 -556133967
1497562245 -982316073
-1427806760 -1566017302
919260270 -2042896171
-1909859306 1663746074
952336266 -567584592
-2138673563 -2142114695
-563672618 2001604202
1210278345 519293042
-1375798330 -1871102649
2137141634 -529139541
-1191013880 -950885511
-1105156402 -892157020
-1586147269 240504961
1091486022 1092363654
879484414 -831193094
-202322865 -665745949
-379588013 1787941255
-245558879 -79330211
-1289652720 497678406
-1904712865 1580934846
-1353137785 375205466
708629861 1219305850
932119984 -1138582375
-1811967429 -2120411320
1857428740 1128289444
-1061057822 -1011957679
206454027 2050185407
-1911272963 -1667344889
1451681568 -1991782778
674427019 1284592938
-1126605384 1201399895
1855033916 1742621310
-1597963366 699396717
1970111889 -354884078
1099666478 -494427691
289268172 -1066842044
464042866 240810201
1748633270 -798962687
-1596995409 1724485150
133487480 2142326418
-705195471 -1092487919
-473103179 -501446340
1343040823 -1991864116
812328856 -1359300917
1898849806 -1457880085
334683357 -1241409810
19124232 1659320692
-1599189147 -1303760346
373364007 891168677
-315970512 667701425
-912305507 -1603838339
-207560837 -830978461
101469847 -28253760
-147732937 1446812376
885222435 -1032745148
487009022 -10230299
1477100141 434169136
-1523157914 -272913744
-902987002 1048846199
-972992749 1455960668
-1751531070 187069556
-1992025165 2111556903
-1693289485 35762521
-1687939494 275044133
-481819616 -58938601
-1814017519 458358113
280440743 -2104111212
-1909627451 -2003480351
-1740260584 1168769806
-509352590 1588425046
1898072339 2083418772
806157802 1538884388
-1294674206 -555319458
-411600798 -1759810984
868363506 761361144
-1329528787 -935772134
1960752443 -31298597
-1405962803 -1672104583
725101555 1471388005
-1363185588 418713593
-1946114446 -817313907
-56658051 -1199017731
-1313826876 -84167906
1080068671 -250107710
618114997 925424512
-570372626 -1718116004
-296782635 330710910
-14058640 843097230
284188067 854228929
935676390 1733496554
-1659056471 -186235234
1640070373 -1285789020
-775909511 -1454578570
-1580032002 -383179344
1885496143 1149587818
1074124952 -1010581775
-934234192 -263283198
-1124545725 -1387319125
589239075 228404796
-155504924 -68888166
1641616344 -2074666423
1793288782 -51731097
1801199463 -630294163
1831750632 -1006452864
677694110 1351985402
-1347102988 -1957590650
-1018107291 -2011433925
188778808 -54941003
-2092878105 -2134408669
-1828247115 216863502
527010193 1122659592
12144592 18621661
-1641883645 -2100765307
184781143 -429960455
-789844966 1255600145
514925326 2067894290
160851843 711185355
252624624 -1895041800
2126980024 1784793915
-1642915086 1645430944
-1395818041 1917256285
-1345765115 1193702599
-1331199090 731267877
-2034876183 -1263365411
-1294054155 206366203
1229497785 1838770356
-1913729919 -1501371277
-1486824232 -982149662
-1146195687 -277585098
1504013149 1531587236
-2137630517 29763020
-960616034 760703933
-1477766520 1938473080
-1593977649 -1789109261
-2087493790 -744157547
-42515331 1834407742
2130722849 -581872590
167741479 741243256
-30921466 57842625
-561024561 -815798118
1591137303 1394068551
-2083625368 -1688703172
939944976 -1645663071
-1511888892 -781834746
1777601123 1449337179
-1795859269 626605590
-1813253619 92152128
-1679971338 2022373223
-944043469 740613708
1317550143 1789272904
304056255 1295788748
-344181556 1968879079
-1543674607 -1196944931
-1405203577 669197182
1236140542 -2094826207
220968686 -1457915533
-1509456006 2038820609
-415980992 1056463779
69072861 -1000615160
122461477 -340107544
-440990721 -454761931
-90956547 2067454994
1695908414 -757281754
132605388 659981171
854126487 206266516
-607088500 1372041564
-1803739217 -390011320
1949222806 586867964
1139696079 808002138
-1179257494 -1503916191
558455794 -2131324856
2067981110 -828411728
-1417693810 1379641354
1200171329 -1843473791
-1184255597 -954663678
1285900214 -1988861325
-1232229104 409054961
-649407338 -2091110169
1925252706 -369593181
1530918179 -516962304
-128574613 -2005417202
857174618 759515155
727527240 -1728066140
17718762 -918078412
1343145360 1703076084
-1072555955 1763947084
1206210785 634095227
-555377557 2043615003
-1527243784 480159463
-1312643795 1432596014
-603249759 400618616
1707848889 1312748436
-781139805 -1039175353
1814797188 -1479016770
1105067935 -885542904
-177180159 2107967014
869418401 1920771546
-210926577 637169553
807987334 1547574993
-1428287451 1849030907
-1828647827 -2022008504
-1396445221 1321828420
-354817506 -200661729
-1468942141 1612534602
783723174 -1105869132
654651430 23259768
-536268879 425035708
-1167872978 -1416862153
1699267677 -567911304
1735907069 511278239
-985951306 -748450329
-23930149 -265096055
-1275702594 -643474859
-1184811056 2009740299
323453102 1267172944
296882494 -1579528708
542407212 259980695
-1868454770 -441254251
519082681 -61463835
-1171615928 -1767331396
351526169 1387074997
-1759760442 1288986776
1832790888 -2086297
-1494004120 1330328310
1647738215 -552028981
961376260 -1824965521
1105255285 331376928
-206498896 -1056088808
83253302 -2041852411
1400539546 -21490261
-1131961200 1621158533
-416860853 69233092
1473005633 1336519896
53904123 -1615661416
688359561 -1807953597
-1380393896 36770438
1829676428 1691930372
1570079303 -1088336522
-867054117 -1872256388
2097691710 2088677390
897696721 -354407531
330924986 -1351481938
214076165 893434594
768865939 1294803857
280361111 368109475
-1280114471 1243690577
2108228454 1766991036
-1138135141 -1028553620
175519536 650480185
142277386 -459877938
-1845582865 1983636160
2095258701 1010184382
-40789441 -2072750205
559939267 -1711865007
1975116999 -1157093706
359482809 -243045271
1179620617 1030144225
1890092449 2100006676
1689148795 -1860314940
81736586 -789357432
-564732643 872844358
1648245035 -284322930
-2136190038 -2060838823
226065993 -1332375672
1350445854 2114415154
-1526857510 1764670016
845445856 -2008577085
-114033183 288997492
1290360476 44996348
454776424 -1474271808
-605106278 -1130784077
-1159939443 -923995459
1674422069 1094850025
-88722776 -1937229958
-1692085161 -203016505
-254112191 1190972803
-1070583835 2001804965
237419940 100041908
-851146344 213325799
1729675237 -1240673830
1241640224 -1558654009
-2011245657 -1656491266
-289858964 -1897670028
-1485690399 -814599424
-2037208109 1709244034
-618557218 18526482
53392425 1485200557
1275843160 1550143892
-2137069108 -1465211051
-1801455767 -591848824
1142339793 621557295
1700627340 -1050269083
-138729147 1486027494
-966316194 -716729667
850691698 -123038543
-334751791 -401340611
12147913 -864152378
-637842265 150941616
-131379003 1462548615
362300996 67595909
1672659618 740333780
-930332981 -461708873
1761435962 2108685279
-1299797499 -404726430
464177208 -140897232
847309857 2000261484
-1483057832 -160857328
-586935841 1550695843
-524061286 -1695245467
-503695826 -1505458781
1708254932 1199613564
-1494394079 457892495
-50327742 1661487356
583559515 -1381695409
-649192462 -1031959314
-379903200 2007204334
266940092 -1990516019
-719345265 1722533256
-330301011 877233033
1680840274 -1414448222
1521698182 -1783530525
-1980916563 -1744577264
864583513 -589322256
-1764485352 1228775625
12035882 -1632211704
-766371469 -757228754
-182337714 843274961
525512385 564441184
2040530048 -442127884
14934349 -1513921802
1461897288 -1762083544
1194768867 -637523994
875230621 614777400
-1168742090 1915645720
-1910114798 1824069963
1171867249 1284672249
182385036 -941175068
-1938067509 1185654463
-675382962 2117063928
-1317968715 728486922
-43043072 2069705696
1949278360 1454438892
-562148542 -1005657088
645688601 -1754829183
-1688922493 673836158
1846972240 -1231861285
-1721011761 -1170612894
-883875094 -79513507
-1424596288 511304644
873435671 -1157496294
-1405188140 -1072350504
-1929465508 1850181894
-344468066 -1059370672
-853812019 -2072888009
491359418 -874753595
699004402 -1772543360
1902807556 -1294778584
916698343 -900651130
287289565 -1102105718
-1179743891 484714626
-54215000 414028570
1100722497 -2045791238
-1573524681 782097243
-42071159 -350342292
-690104126 -988118179
-1716378869 -1534924145
-1820463055 -638600140
159885714 -1178032733
-108736280 820746152
-742957773 2009342181
-81660455 -2022091207
7591935 369709024
-1847353800 -308290126
116449071 -399064818
667521693 -1638430472
-2099268848 -373861953
934404013 24614594
-2144082960 1399460735
742189999 -491377268
252050815 -1376644726
-382847113 706333631
852591492 -1923803490
-1997582533 -1919617227
-22162592 383942899
1979411937 1533748449
-1325476166 785371090
-1785549166 -284870458
1294040236 653794654
302749697 -448535004
428755707 -1677326380
761474924 1843733381
-1455093811 -2044000758
-1900453114 -436302767
-647902696 -2128077844
1380829627 762680996
-138478115 1219805273
-1165003580 -13289949
1663152611 724008498
-1960776994 972591731
39456435 982195175
1523256016 -286848465
501470426 -1762737582
1378030071 1782766848
650632936 -1191068470
-1490683831 -1219502940
612172407 126852818
-257671236 -1402135329
-421799200 1641185741
-1914966764 296717434
1483728139 -667849600
-829798365 899247805
275775730 819941099
-1304535930 140306831
-1290195052 -1397064215
-649091823 983350716
421624846 -1513379635
922390743 2044362819
1998450433 1545345093
-1903543894 1900732961
1976293609 629172235
-978539302 -904258068
1328937038 1766774257
290874408 -211432429
1742800127 -298713220
-1644780900 1955549418
1941273360 1449303753
1198153072 520703675
1073947897 -1371376632
-117729698 2141222527
-865998167 -1482022305
-1722595045 393413785
-202740068 658347290
1466343084 -116294813
1890710055 1324278228
-511861711 425211224
1120133669 -45836880
1372755661 -374104893
-2142219272 -633617533
331450636 -851389577
1929003653 -1268374327
-543592498 969409584
-855866679 -1655200448
13073659 1034419952
1851287070 1243993086
-930298312 1657325415
1639566633 -1239492246
-1189338158 -1701544563
-1562904914 1803667795
772206597 185869893
-1203550339 -525918162
1675166853 1130246613
962791677 2004006305
-607247813 -1293739249
-446525617 -935205639
1670358378 -812371627
1810783780 -428827768
-532304229 -673699433
-525216259 -636313195
-1843862128 1983762751
-446130723 1330825441
517678884 -2122340560
1761819976 -996179029
-287002702 -1105223994
335921343 -1587429309
1894701982 173794501
-1986862538 -2013237044
-538767338 -120882491
79109704 -1946802868
1173224024 -1242537376
-1587924218 -1266995138
-1069961285 -627301372
825443307 1616608073
337854787 1630143541
2008010381 -108469700
1822737787 -1310486669
-2080110689 -1517702298
1689218470 2094780381
-203980258 483988050
1366954163 984739176
-102509154 187547619
611629692 927344167
790381620 -2025670238
1042983266 -1747912055
-198092479 763764603
903586870 -488378061
835674377 -1493765250
-157222379 443329194
993080163 -795770406
432913500 670691728
-946535511 -874800907
-1790944030 2010574111
-926490242 1897933544
2428192 -590135876
-2107113409 -999258244
-1677390 2100574522
1979538042 570618331
407160531 -1650757750
1074520313 -65912537
1063752366 -1964645000
-252088411 1408841981
448547808 -470037657
1655267697 970968951
-959245564 722403713
-536094473 -2030712660
-1484566535 -769075275
-1333640093 141074437
431433755 -156957836
-1719052659 389983996
667414379 1612604995
352321553 -1650947345
1129040041 541570902
-1386142505 1520371083
-1401551502 -1754132203
-1369256784 -929355648
1444463646 -1006924171
-1467261587 830607157
-1104621592 -1886723165
715846393 1896330180
238373314 423610898
2053319136 112353438
-565352032 202432857
-2061703845 -390502267
-628064215 398484416
-443257974 1060635711
-834300704 -1913799880
-1706439796 441170475
1993284632 494342117
800722229 -821328106
84896423 -1559665714
255974430 94906233
-305233486 1284025337
-251846359 1467745124
-586167080 182891908
-1016168472 1048983951
1366924565 2078757761
-1594271970 -1004428839
-169099218 733486564
-1737780746 1193726639
2140805947 -223314738
-1136611726 958532739
-1189444734 -1052039076
-1365797150 537264528
-1920821441 -1990388105
327995320 45845090
1957880219 242736397
-885650927 -1041830679
-2059477098 1359704460
1168790722 466053233
1501398846 1938618718
1343735087 -830381380
112020905 -562274909
1129672657 -2138216487
-290739326 -1899985254
898279158 74477993
982645327 1390487477
-10888623 1207100075
-2090889615 -1888744060
414375213 -219705092
-685063989 -2000075876
1418884436 575310294
1928552868 593273566
-2017737173 -485501813
527074141 1275005136
1089633004 1078516643
798590293 1420934878
232636543 2072658750
-1846138644 -1118786607
-331258699 449746864
2068853735 1583684631
-1514953958 -2104167611
-348252024 -1737444038
616685864 -2082972994
2098390068 -564302333
-649603961 -1968871
-1515826410 -1604205114
1437462553 249511674
-1936622455 -1229512071
1034531253 -1098024792
1825816899 175465846
-663486006 315906014
-657007568 -1725862080
-956545770 -734170166
-648509358 -1911351305
-725404025 -995856240
1407895982 498294851
479439559 -1225529833
-1083372067 -1216269722
-2046557463 -1718094930
-1007099193 -500456121
375773860 1981781171
376604154 1147572721
965564259 -1970436824
39861031 321208284
1605604085 -1642013588
1535420449 856602676
2030763531 -1437059676
297590316 -302032626
1746922001 775407986
-805715783 -1570548573
1482068353 812793396
-199330272 1097296488
622154630 -514927918
210835386 -1482698425
-1377049241 -1382399471
-1874076441 478260395
1232040406 1265951338
1753952392 109965019
322815524 1283350554
-1096867755 -1647193921
1999974081 1873576437
-1193432164 476144168
-1037658102 60384746
-1352170066 -552401695
-1820201541 884744960
1044731123 -1086691554
1455832481 1756992527
1966130572 -1187187244
484852030 -2067401521
1373174785 1408719532
334694807 -2104170004
1933138935 767081444
-951426577 -1956876574
-1615452956 -609594179
-1273388342 -1528189433
-1441967710 -746622311
-1858950184 622306331
-2053364977 1614365842
57857552 439953598
1237800570 109456244
814696616 -113105429
361381954 -1843638847
-1508597951 -1425359602
1938954295 1982962567
1331370112 -88362098
160665698 -1817920471
1088357325 513790163
-882662036 -1599687228
1219823230 -36566975
1348489729 -1083858433
-433065619 -1493539809
1403054229 1277644176
-1429050076 427184163
-738562102 -223240215
1573654766 -690105102
-1974687466 -1267284204
77088197 1307996431
-1889699875 -891976848
1256661957 1116730393
84844560 -1549726400
374660530 -616258988
2013765018 828166920
394037056 -801240733
544740999 -1975211172
1025818051 1792605880
-234446237 998048747
-1915141062 -652111507
-102508944 798965627
-1534072598 665069038
-169617328 -1099375722
-954180701 1190101593
1193495200 -347462927
1205474705 -587855812
1204465275 -1161233982
1867261121 -1755355798
394109733 -1055068489
-1241129466 -74986649
1926792818 2123710545
-1062703252 -1702438517
-512192341 888020766
-543887122 -1477098116
28424243 -1454795087
-90301354 -1571052082
-583605060 29650851
2103736072 2092416572
-1790422887 1315129907
-1875667974 -1162860781
-1351579581 61216379
582382894 1528398709
1144340730 -509904761
-217576018 -2046812536
1768492250 592500237
-702603033 875042746
-1189634099 -789335609
-2066180607 -1231277137
1465525838 320481367
340847421 240107868
-1267095859 -1350828876
1630664551 951790016
-1914506243 -155990490
1153504535 1697058318
-551569453 1675747425
-1167822077 -1538230074
652307801 2075945001
-523981878 -1485940996
-173143422 1083239334
1123554004 1094108311
-1062422467 985346517
1546969674 2096330700
772595226 738372328
-915040713 -1080375278
-421938551 1591254294
181766671 -1601946890
92203419 963543682
-1794431387 -655576043
-401212166 1871405409
795426577 2096418770
2112366411 1980099052
-40948011 145406201
440913569 -1197205044
-1809687507 453451525
-1964260646 488723394
857503424 -56554985
1905234873 1564810682
-736924558 -1100449460
1892503129 -2037858584
-1940857784 59474011
882198204 384846547
-662830858 -776987862
1635345840 183478276
1839328327 1269227241
-851085159 368986610
391032569 7046758
37007260 -1186300988
-506138577 33499206
604638076 506958600
-1569796350 -542762456
1266064385 2063244556
-316472307 -409955906
-492884076 546672928
-954886947 -891828115
-914042953 1490348828
1513232160 1332906986
24675617 -1935483591
-559577721 -1337094885
1484820889 495812813
-167471308 -1321189851
1224804137 -734484014
-376237700 -207430324
114632204 1624760606
2119411815 -1011781040
-1570881916 -1921422662
-1470341387 576579244
-1498665770 -1740261510
1088068743 1889685870
-1197755024 388593674
-2130354925 347355515
2087148960 285947157
-2045386916 -82629309
1543480782 -673563876
452343975 -1216325792
1863791380 -1295509924
1202107486 -713044646
-343332804 2054511233
-162870139 -245094747
1113176210 -1022694912
187170065 473625679
876292555 65059851
-866159864 1421870898
-1038241998 -114049067
2002400307 598893871
-281476758 1501049533
-704174414 1392930321
-818192555 -421251970
-122208004 -741517119
71784873 -72966741
-1767602045 -104072230
1843125048 -1818355704
256684373 918346188
-746228843 1082919692
-381337169 1479180275
-467605427 270433567
-1977108020 689214646
1077374796 343388298
270582191 839227071
-622066695 314687905
1992181816 -90483099
893610942 -435999298
379608599 -1905816730
-1933894516 -1094252290
1201835322 -66224522
-540113630 230732189
-1062434978 1753923852
-1053824549 -351170478
-194378694 1295577336
-69913187 -1797409060
1906952859 -828195686
-150849696 -1052871107
1398191078 -437537409
-661150775 -1182257567
2034835360 -1222014868
638754971 1295944311
737248094 720102030
152469039 -202020394
974897189 -249053552
346180769 -1921621444
-380803965 1261712076
-712082210 -570570087
-1928253792 -762793494
1744455803 1125859258
-1874814073 43956755
1685003320 -229972286
65156228 -759258966
502970789 -773158714
-1078968124 -1782421342
1148600098 -79673180
-1200630968 1751051206
1651001324 -516419649
-201540859 -1591635604
692399877 -15435682
886909947 648711431
-1367470999 -1738363027
606798017 -1444679423
1688946795 -237539115
1530944178 -1903163832
-794645603 1849009460
808213213 -379030506
2116166351 -380814367
1267250174 -2131640942
-538733134 -1686536070
-1398606843 1734074656
127622275 -1196613293
1221774647 1858681851
-1085984609 -1112351449
-1690302142 -696211843
107663257 -373176198
1101268769 -1753864204
1306377634 1998739263
-770804246 1551024515
-484915735 306241891
-2069437839 1004437790
1802800467 -587255256
1728897147 423296416
167540926 684153667
-740367976 123521151
-1506466045 -238098996
1451199026 1804139931
-1833174147 -1436893859
822020268 -1068579406
-1505356683 -1031426734
2142744092 -1102124666
170846427 -1363709381
2112993065 -438812551
-1029853474 -322184399
-293854574 1929717610
-916491129 1028847608
-990106266 -81767416
-1176700531 714476601
-559785738 -1899663801
-1616414239 524913973
-966618972 -1475920724
1447862192 491123102
490891552 1830215959
-1647069927 -2016678522
-2009664351 247997143
-877488304 -494407510
-605566580 -176817019
-1967680048 273786920
1618061069 -383045478
567666448 676155967
644712746 196084456
-1282729371 -1475939035
-794968178 2091956376
1485327903 10779745
1867122601 -648168830
-1175087082 -714046028
-2058540903 -15212761
-769448286 2014604095
1764413904 -1562455528
-919262423 869654753
-2143349728 1539771497
819413480 906345684
-1754278541 861717320
1009502407 1928217920
-885616328 -1437343460
1763958952 -348295931
-1042714675 1345071034
139699222 1296861018
276823357 1739569969
532561796 -323736618
1717427892 1041334442
-1189024930 1051250119
1116574439 -442834458
-2063576742 1451754747
1619118958 -186169782
-1083781420 301084543
-1519732803 -565273681
526731705 -243391094
1883363758 290277951
1865262994 140805837
-1239364334 1078470099
219549288 -1560285990
-487547169 967659179
1271784687 -145764329
2421532 -1781343964
1720455777 1482406008
117058203 -1986703624
409307942 -2029397683
-1735830208 -1638449919
726917679 125321771
-68076110 175446420
-983296888 1615209180
84129907 -528767237
2129917739 -46508929
1094366277 237534961
-563812254 -1246408859
-696250495 -520197666
950134239 -105849605
-1772142815 74143826
-2107995988 1952987025
2026217825 112544401
-63217134 -273718427
-1181001894 -1004206356
-1584673303 590106829
-2126312793 805841357
-1020847692 -2020736625
-368361597 121957391
-1423135248 1368889901
-1588591741 -525651769
914335999 -911177666
618206347 -1719484269
1364375679 1929725729
-179254289 -1194161942
1875809223 -1953921912
1791053097 1386675586
1315397712 -1823129272
2041758595 -112321853
1269373716 -1544456217
1481335893 -132922511
943950245 845335501
-175232781 -832814529
-1200080478 -1803654115
1971883836 -1325256783
1075384898 769962729
334312025 634582981
291471590 607140590
-2045620941 -1212690106
998505313 -1589842121
-1333035080 184255385
-1920669938 1390059639
-184298663 -1809192340
1382219233 -808157881
-1616264300 1277809223
-1780687559 -1590650237
-1478842850 1917697754
1042176697 -672348651
1450254010 -1732730873
15574735 -348150330
1594852151 -1191527885
893677423 1417940063
1790167910 1242671750
2104208267 -1445807276
769084694 -1493469022
-2099470985 1851896693
1934671357 1657854746
149825949 -1787426470
1390963617 81553900
1736523513 285181621
-1602013986 1596765622
-572801918 -1856384226
-2108818768 784979907
682338513 -2019616092
563884959 -1334170859
-358154089 1636374284
-1563475685 -109376338
-1234083597 -1269213396
1654746232 -1679597394
-1704774071 -661904301
-1344426343 -1952720213
303830837 692623322
424679622 -1067459046
1405682052 874850967
-19194563 2038342488
-159355493 -320544549
-1403094669 -1898397291
1290839374 -1783202005
989859934 -1328573332
-1269337314 1228882816
2137354906 -2075306023
444937588 -1706402150
1036400983 79255528
252299686 -456488349
-212742420 -896204087
-1293177144 -601276987
961358147 929597049
1793087703 -1448806008
222238816 1663250783
1073949758 -1947715548
2083308416 -346318610
1230539602 -38199252
-263762109 1830327815
1020870141 -146826876
-979638246 -1573414457
66220731 731603905
-1553302852 1230631229
-1513354750 367337894
-950150964 457410118
515452135 1653325977
1438138341 -1004812833
112978753 1988464758
-2032882082 -2064032867
-2133152727 -2059278649
363222822 608159739
870601275 -216314868
97995979 821216662
-1757218177 -863330188
1009248674 -1916086695
945355721 -2033961357
621891796 -1499625064
1018562016 328474981
-899214984 507567184
36766468 321348214
-1252823789 1699018820
-1168096313 -1516241477
1052614832 -962707615
-1494687920 1996034873
1992075413 84200508
-713079261 1822588073
-895300246 -1460541935
1357843468 1062139304
211418736 -1494575681
298309120 -1861846668
-1899515482 -506670265
70524919 -168991401
-76926183 -1417705040
-400730274 434122048
1928281058 -1295659512
1017015179 446866753
1363420668 -862052066
1917785198 -1949889341
1444675694 32376087
-536451857 -1586489842
203147533 1530614178
-1180015704 466216092
1216458262 -467048825
-1857753667 -342676948
264010490 -1080068979
36042997 301249067
1956356583 -1511984111
-988089349 1839857651
1561588409 -1090437130
1297725171 -1148127258
925989591 -1932437171
1685892249 638980893
114838633 -692582122
-1776588192 -437252276
-218710564 -1838660743
-1296135774 -982295243
-369293032 -1127941646
-56227885 -1294363088
1734286716 194766441
290209682 391465307
1937384952 548072954
-967516859 -101571065
-234577984 -1085188980
-936373304 -374399355
-1340232452 -1643364803
407850021 -803370231
-1265121765 1601015604
-1824918975 -382501194
1051022446 60917432
1079891051 -439611035
-2070703716 -1689453498
-1452509060 -211501166
-1155667964 -1024184198
-1406743290 1458615708
342100184 801144040
1569793522 -272157426
-17260668 -855897640
209485944 789994097
349063618 -1486459535
611281704 -2021715309
-1054360388 -187128865
630250439 531737552
1283282839 -2145542453
1107773556 -826114102
375513338 1753474802
-34535155 1091610084
-1501461112 -250770387
-2138319886 1560720197
304465245 -1582075543
-1434117853 -1088178587
-942073970 1117985357
270386593 -1819107350
-191328073 -1436439858
-701856140 -1378038019
2083297302 -987594989
-131274073 813629403
455434083 -677969862
1079806871 632430453
182572033 -1047246285
-147681811 2034410128
-1567679991 1510486997
1590101628 -1476402551
12602148 -2054315721
-229942318 356408660
1426005855 -1652040171
1727328347 -1959363303
904406712 -713152480
-1869680062 160363069
-1468174538 -946762709
1188820559 2054147335
-1987884955 -333848098
-678415647 226777238
1249819900 -408716191
1033846782 -494400258
-80715366 1420548261
1096160033 167457505
-1223099345 949388762
2066500517 210436599
777888374 857450530
69720385 -1408540661
1090462420 -774202006
652633999 1521735232
-892650549 -1610289285
-850394286 -623882953
-212937902 1495873323
873464991 504522237
-1503514903 -1733253710
-1414353482 -1075169589
341953638 1754517865
702016406 1745586367
-668803784 750888436
1433558526 1287543206
1040610991 -275385918
-940211916 108471784
508291314 669287091
-948663697 1078639779
-478677991 1699704751
-1865107734 1559047824
1488534237 -280248504
743828294 796709511
-1783306932 1729846251
460808073 -1538947289
-1284614936 -1665950169
-681087676 914586480
1103163497 629242524
-309108693 1832041480
451845000 1232043155
1213879487 -1521031228
1250441712 -220725486
394737671 983467719
-953473174 1450681609
722940556 1886896479
1161205152 -1243942748
-1787929683 1083403662
1638465150 1748768044
871591938 2134092683
380626364 220777635
579269856 1561572078
-1794746856 157017525
1139054791 -990401470
2128558812 -1738524625
-43865486 1955452720
-1290254697 -774886566
901045363 -1181812970
-889722696 -1162165263
-165602224 -341149152
1752970285 412085919
-2093305131 -1599672206
-1350642944 661068906
-197308747 -1067575170
1226401882 -1191465256
-1035422135 -758741095
344564787 -2028479768
1035853079 149834442
1409950754 -768063248
1241790897 226510468
2128210273 1259593098
-1899644548 1591315557
-1815707364 128708295
585993706 -307760669
591420315 118662499
-425956032 422883752
-1981161394 806219040
-1337289536 -1089720746
-991769265 -828927857
-2043716411 -700748589
-1381575223 -297683802
240812396 -1963921828
1743063835 302756770
1289092102 1468736153
359886979 934380441
589176384 -462397385
-134026218 -663229685
-1373203804 1577500851
-1148982805 889590128
-134684387 708573946
-563913815 -983797273
-602426899 -1006566229
1273101363 1869975878
870209214 2098215598
259065738 -1236309889
361092803 2024714096
1730337490 2087735060
1095053255 1245685067
1977091595 500712953
869984738 1607205599
-390918170 1895782483
-1848248212 -1014523338
1925429314 -1412515858
-431483080 -1111214572
-102396673 1495443680
88616664 -209079465
1135045577 -660520708
1344076051 -150166558
-746518027 -889752510
-1402131946 -881969968
1314223893 97506824
131515566 2104722488
-1669932016 -135260754
-1021877750 504217922
-424167893 -713022076
-1827639546 1212902116
1929770727 1919600472
641382158 339768087
-427063819 2012803930
-333074322 981900151
