750
646
76 79
753 758
153 155
247
255
647
561
925
156 157
534 535
615 617
551
49 51
568 571
926
378
695 696
187
94 95
177
834 835
742
951
415 417
993 995
624 625
539
292
648
369
545 547
400
805 806
782 783
180 182
284
564 566
882 883
102 104
775
22
486
285 288
306 307
510 511
599 600
202
807
386 388
815
353 355
767
260
707
857 858
962
23
680
398 399
623
973 974
411
105 108
4
832 833
464 465
469 471
688
714 715
621
825 828
218 221
246 248
183 185
38
283
657 659
62
576
772
324 327
917
977 979
921
147 150
226 227
710 711
120
28
429
846 847
784
654
159
577 578
462
161 162
220
745
127
422 424
294
517 518
675 676
46 47
641
992
325
644
538
214 215
922
729
597
740 744
959
627
77
6 8
80 82
171 172
163 165
10 12
252 253
144 146
914
732
555
762 763
738
996 999
90
751 752
678
747
855
382 383
31 32
151 152
135
853 856
256 257
66 67
86 88
472
110
800 801
217
553 558
381
848
42
990 991
59 61
200 204
955
219
73
931
16
114 115
329
375 376
301
459 461
728
932 934
948
839
905
463
484 487
808 810
741
611
430
387
379
687
497
230
351
158 160
842
54 55
913
481 482
811
720 721
591
512 513
281
335 336
300
827
860
866 868
884 885
620 622
735 737
407 408
235
840 841
450
81
68 69
820
87
223 224
233
455 458
334
586 587
70
456
442
78
869
222
477
912 915
14
138 143
694
628 630
679
819
549
982 984
660 661
401 402
727
390 392
851
697 698
178
279
347
98
684 685
584
541
816 817
129 130
99 101
562 563
579 580
293
372 373
112
595 598
9
774 781
673 674
20 26
944
490 492
699 700
964
342
362
56
593
812
116 117
83
618 619
209
777
629
543 544
605
433
919 920
52 53
565
476 478
667
71 72
875
581 582
302
505
780
384 385
460
874
357
317
748
521 522
945 946
631 632
504
583 585
725
343 344
900
749 750
730
64 65
208
168 169
84 85
975
274
692
533
275
804
726 731
308
140
761
479
836
330 331
557
509
768
145
57 58
961 965
206 207
238 242
546
404
671
328
436
337 338
396
243 244
305
665 666
201
572 573
757
494 495
569
645
89
126 128
702
888
592
249 250
63
409 410
239
899
232
103
589 590
423
360
473
210
508
416
413 414
319
523 524
346
173 175
936
635 636
361
277
895
420
873 876
39
282
970
340
778
113
516
109
483
309
91 93
391
438 443
188 190
609 612
941 943
434 437
799
167
686 689
40 44
122
537 542
952 953
559
616
755
364
956 957
754
298
273 280
588
320
770 773
530
123 124
978
722
822
528 529
865
669
251
567
829
878
1
677
830
594
786
837 838
640
705 709
849
15 18
718
368 371
299
525 527
642
263 264
690
797 798
764
803
241
266 269
998
997
189
724
60
197
790
148
902 903
393
75
891 892
229
813 814
870
663
451
339 341
938
240
536
34
193
662 664
17
125
166
296
311
447 449
323
923
365 366
50
403 405
265
708
886
560
765 769
969
985 988
607 608
746
540
24
682
501 503
859
706
987
236 237
950
397
877
532
485
13
448
894 897
431
712
231 234
345 350
41
333
493
826
186
963
19
896
638
937 940
614
7
192
5
939
526
139
550
989
723
929 930
916 918
440
719
734
92
570
743
966
889
468
216
467
194
887
452 454
759 760
352
693
656
933
297 304
33
910 911
983
850
74
100
412
425
733
879 881
310 318
756
29
314
316
736
421
394 395
261
924
25
602
453
651 653
0 2
118 119
268
435
976
491
439
348
121
136
844
823
871 872
788 789
893
626
935
48
515
184
205
289 290
313
531
489
514
267
457
787
106
480
604
418 419
972
131 133
359 363
213
286
954
354
426 427
198 199
971
947 949
506
27 30
228
942
107
488
610
291 295
181
254
203
21
500
906
766
831
863
270 271
861 862
474 475
652
864
791
908
852
650
843
716 717
154
701 703
245
174
809
637 643
212
134 137
845
259 262
332
668 670
596
776
170
986
374
802
554
898 901
739
36 37
45
793 794
441
958 960
606
287
3
428 432
854
191 195
792
370
164
176
655
196
315
35
785
96 97
272
321 322
867
520
639
880
779
927 928
904 909
326
11
613
141
994
380
967 968
907
276
446
406
349
149
548 552
496 498
179
601 603
556
980 981
507
389
691
658
633 634
43
132
356
818 824
466 470
312
358
890
681 683
672
225
499
111
502
795 796
574
575
519
821
258
211
303
278
649
367
377
713
142
704
444 445
771
